1,1325,2975,1151,2733
2,1325,2975,1151,2733
3,1325,2975,1151,2733
4,1325,2975,1151,2733
5,1325,2975,1151,2733
6,1325,2975,1151,2733
7,1325,2975,1151,2733
8,1325,2975,1151,2733
9,1325,2975,1151,2733
10,1325,2975,1151,2733
11,1325,2975,1151,2733
12,1325,2975,1151,2733
13,1325,2975,1151,2733
14,1325,2975,1151,2733
15,1325,2975,1151,2733
16,1325,2975,1151,2733
17,1321,2942,1147,2700
18,1321,2939,1147,2697
19,1321,2949,1147,2669
20,1321,2949,1147,2669
21,1321,2908,1147,2628
22,1321,2908,1147,2628
23,1321,2908,1147,2628
24,1321,2908,1147,2628
25,1321,2889,1147,2587
26,1321,2889,1147,2587
27,1316,2862,1142,2560
28,1316,2862,1142,2560
29,1316,2831,1142,2529
30,1316,2818,1142,2516
31,1316,2818,1142,2516
32,1299,2792,1125,2490
33,1299,2757,1125,2455
34,1299,2757,1125,2455
35,1286,2728,1112,2426
36,1286,2706,1112,2404
37,1274,2691,1100,2389
38,1274,2691,1100,2389
39,1274,2681,1100,2379
40,1274,2681,1100,2379
41,1249,2650,1075,2348
42,1217,2607,1043,2305
43,1217,2607,1043,2305
44,1207,2607,1033,2305
45,1190,2579,1016,2277
46,1190,2579,1016,2277
47,1165,2521,991,2219
48,1165,2521,991,2219
49,1148,2497,974,2195
50,1148,2497,974,2195
51,1148,2497,974,2195
52,1129,2497,955,2195
53,1129,2497,955,2195
54,1114,2465,940,2163
55,1114,2465,940,2163
56,1089,2434,915,2132
57,1089,2434,915,2132
58,1069,2399,895,2097
59,1069,2399,895,2097
60,1039,2378,865,2076
61,1024,2378,850,2076
62,1024,2378,850,2076
63,1024,2349,850,2047
64,1024,2349,850,2047
65,999,2326,825,2024
66,999,2326,825,2024
67,969,2326,795,2024
68,969,2326,795,2024
69,969,2326,795,2024
70,952,2326,778,2024
71,952,2326,778,2024
72,931,2326,757,2024
73,931,2326,757,2024
74,916,2323,742,2024
75,916,2323,742,2024
76,887,2323,713,2024
77,887,2323,713,2024
78,864,2323,690,2024
79,864,2323,690,2024
80,850,2323,676,2024
81,850,2323,676,2024
82,839,2323,665,2024
83,839,2323,665,2024
84,837,2323,663,2024
85,837,2323,663,2024
86,837,2323,663,2024
87,837,2323,663,2024
88,837,2323,663,2024
89,827,2323,653,2024
90,827,2323,653,2024
91,827,2323,653,2024
92,810,2323,636,2024
93,810,2323,636,2024
94,789,2323,615,2024
95,789,2323,615,2024
96,789,2323,615,2024
97,773,2323,599,2024
98,773,2323,599,2024
99,764,2323,590,2024
100,764,2323,590,2024
101,764,2323,590,2024
102,764,2323,590,2024
103,764,2323,590,2024
104,764,2323,590,2024
105,764,2323,590,2024
106,764,2323,590,2024
107,764,2323,590,2024
108,764,2323,590,2024
109,764,2323,590,2024
110,764,2323,590,2024
111,764,2323,590,2024
112,764,2323,590,2024
113,764,2323,590,2024
114,764,2323,590,2024
115,764,2323,590,2024
116,764,2323,590,2024
117,764,2323,590,2024
118,764,2323,590,2024
119,764,2323,590,2024
120,764,2323,590,2024
121,764,2323,590,2024
122,764,2323,590,2024
123,764,2323,590,2024
124,764,2323,590,2024
125,764,2323,590,2024
126,764,2323,590,2024
127,785,2342,611,2043
128,785,2342,611,2043
129,785,2342,611,2043
130,815,2342,641,2043
131,815,2342,641,2043
132,815,2342,641,2043
133,832,2342,658,2043
134,832,2342,658,2043
135,832,2342,658,2043
136,832,2342,658,2043
137,809,2342,635,2043
138,809,2342,635,2043
139,809,2342,635,2060
140,809,2342,635,2060
141,809,2364,635,2082
142,809,2364,635,2082
143,786,2364,612,2082
144,786,2364,612,2082
145,786,2364,612,2082
146,770,2392,596,2110
147,770,2392,596,2110
148,770,2392,596,2110
149,752,2392,578,2110
150,752,2392,578,2110
151,752,2392,578,2110
152,752,2415,578,2133
153,752,2415,578,2133
154,752,2415,578,2133
155,733,2435,559,2153
156,733,2435,559,2153
157,733,2451,559,2169
158,733,2451,559,2169
159,733,2451,559,2169
160,708,2451,534,2169
161,708,2451,534,2169
162,708,2478,534,2196
163,708,2478,534,2196
164,708,2478,534,2196
165,687,2478,513,2196
166,687,2478,513,2196
167,671,2500,497,2218
168,671,2500,497,2218
169,671,2500,497,2218
170,671,2500,497,2218
171,671,2524,497,2242
172,671,2524,497,2242
173,658,2536,484,2254
174,658,2536,484,2254
175,658,2536,484,2254
176,658,2536,484,2254
177,649,2552,475,2270
178,649,2552,475,2270
179,649,2552,475,2270
180,649,2552,475,2270
181,649,2552,475,2270
182,649,2552,475,2270
183,649,2565,475,2338
184,649,2565,475,2338
185,649,2565,475,2338
186,649,2565,475,2338
187,649,2565,475,2338
188,649,2565,475,2338
189,649,2565,475,2338
190,649,2565,475,2338
191,649,2565,475,2338
192,649,2565,475,2338
193,649,2565,475,2338
194,649,2565,475,2338
195,649,2565,475,2338
196,649,2565,475,2338
197,649,2565,475,2338
198,649,2565,475,2338
199,649,2565,475,2338
200,649,2565,475,2338
201,649,2565,475,2338
202,649,2565,475,2338
203,649,2565,475,2338
204,649,2565,475,2338
205,649,2565,475,2338
206,649,2565,475,2338
207,649,2565,475,2338
208,649,2565,475,2338
209,649,2565,475,2338
210,649,2565,475,2338
211,649,2565,475,2338
212,649,2565,475,2338
213,649,2565,475,2338
214,649,2565,475,2338
215,649,2565,475,2338
216,649,2565,475,2338
217,649,2565,475,2338
218,649,2565,475,2338
219,649,2565,475,2338
220,649,2565,475,2338
221,649,2565,475,2338
222,649,2565,475,2338
223,649,2565,475,2338
224,649,2565,475,2338
225,649,2565,475,2338
226,649,2565,475,2338
227,649,2565,475,2338
228,649,2565,475,2338
229,649,2565,475,2338
230,649,2565,475,2338
231,649,2565,475,2338
232,649,2565,475,2338
233,649,2565,475,2338
234,649,2565,475,2338
235,649,2565,475,2338
236,649,2565,475,2338
237,649,2565,475,2338
238,649,2565,475,2338
239,649,2565,475,2338
240,649,2565,475,2338
241,649,2565,475,2338
242,649,2565,475,2338
243,649,2565,475,2338
244,649,2565,475,2338
245,649,2565,475,2338
246,649,2565,475,2338
247,649,2565,475,2338
248,649,2565,475,2338
249,649,2565,475,2338
250,649,2565,475,2338
251,649,2565,475,2338
252,649,2565,475,2338
253,649,2565,475,2338
254,649,2565,475,2338
255,649,2565,475,2338
256,649,2565,475,2338
257,649,2565,475,2338
258,649,2565,475,2338
259,649,2565,475,2338
260,649,2565,475,2338
261,649,2565,475,2338
262,649,2565,475,2338
263,649,2565,475,2338
264,649,2565,475,2338
265,649,2565,475,2338
266,649,2565,475,2338
267,649,2565,475,2338
268,649,2565,475,2338
269,649,2565,475,2338
270,649,2565,475,2338
271,649,2565,475,2338
272,649,2565,475,2338
273,649,2565,475,2338
274,649,2565,475,2338
275,649,2565,475,2338
276,649,2565,475,2338
277,649,2565,475,2338
278,649,2565,475,2338
279,649,2565,475,2338
280,649,2565,475,2338
281,649,2565,475,2338
282,649,2565,475,2338
283,649,2565,475,2338
284,649,2565,475,2338
285,649,2565,475,2338
286,649,2565,475,2338
287,649,2565,475,2338
288,649,2565,475,2338
289,649,2565,475,2338
290,649,2565,475,2338
291,649,2565,475,2338
292,649,2565,475,2338
293,672,2565,498,2338
294,672,2565,498,2338
295,672,2565,498,2338
296,672,2565,498,2338
297,672,2565,498,2338
298,672,2565,498,2338
299,681,2564,507,2338
300,681,2564,507,2338
301,701,2564,527,2338
302,701,2564,527,2338
303,701,2564,527,2338
304,701,2564,527,2338
305,701,2564,527,2338
306,701,2564,527,2338
307,701,2564,527,2338
308,723,2564,549,2338
309,723,2564,549,2338
310,723,2564,549,2338
311,723,2564,549,2338
312,740,2564,566,2338
313,740,2564,566,2338
314,740,2564,566,2338
315,740,2564,566,2338
316,740,2564,566,2338
317,771,2564,597,2338
318,771,2564,597,2338
319,790,2564,616,2338
320,790,2564,616,2338
321,790,2564,616,2338
322,790,2564,616,2338
323,817,2564,643,2338
324,817,2564,643,2338
325,817,2564,643,2338
326,817,2564,643,2338
327,840,2564,666,2338
328,840,2564,666,2338
329,840,2564,666,2338
330,878,2579,704,2353
331,878,2579,704,2353
332,878,2579,704,2353
333,898,2579,724,2353
334,898,2579,724,2353
335,917,2579,743,2353
336,917,2579,743,2353
337,917,2579,743,2353
338,940,2602,766,2376
339,940,2602,766,2376
340,940,2602,766,2376
341,940,2602,766,2376
342,963,2602,789,2376
343,963,2602,789,2376
344,980,2618,806,2392
345,980,2618,806,2392
346,980,2618,806,2392
347,1000,2618,826,2392
348,1000,2618,826,2392
349,1020,2647,846,2421
350,1020,2647,846,2421
351,1020,2647,846,2421
352,1059,2689,867,2421
353,1061,2689,869,2421
354,1061,2689,869,2421
355,1083,2689,891,2421
356,1083,2689,891,2421
357,1083,2689,891,2421
358,1107,2722,915,2454
359,1107,2722,915,2454
360,1107,2722,915,2454
361,1107,2722,915,2454
362,1138,2753,946,2485
363,1138,2753,946,2485
364,1138,2753,946,2485
365,1153,2781,961,2513
366,1153,2781,961,2513
367,1153,2781,961,2513
368,1172,2781,980,2513
369,1172,2781,980,2513
370,1172,2781,980,2513
371,1172,2781,980,2513
372,1195,2807,1003,2539
373,1195,2807,1003,2539
374,1195,2807,1003,2539
375,1195,2807,1003,2539
376,1211,2843,1019,2575
377,1211,2843,1019,2575
378,1211,2843,1019,2575
379,1211,2843,1019,2575
380,1232,2843,1040,2575
381,1232,2843,1040,2575
382,1232,2863,1040,2595
383,1232,2863,1040,2595
384,1244,2889,1052,2621
385,1244,2889,1052,2621
386,1244,2889,1052,2621
387,1257,2913,1065,2645
388,1257,2913,1065,2645
389,1257,2913,1065,2645
390,1262,2950,1070,2682
391,1262,2950,1070,2682
392,1262,2950,1070,2682
393,1262,2981,1070,2713
394,1262,2981,1070,2713
395,1262,2981,1070,2713
396,1262,3007,1070,2739
397,1262,3007,1070,2739
398,1262,3007,1070,2739
399,1262,3025,1070,2757
400,1262,3025,1070,2757
401,1262,3039,1070,2771
402,1262,3039,1070,2771
403,1262,3039,1070,2771
404,1262,3071,1070,2803
405,1262,3071,1070,2803
406,1262,3083,1070,2815
407,1262,3083,1070,2815
408,1262,3083,1070,2815
409,1262,3095,1070,2827
410,1262,3104,1070,2836
411,1262,3104,1070,2836
412,1262,3104,1070,2836
413,1262,3104,1070,2836
414,1262,3104,1070,2836
415,1262,3104,1070,2836
416,1262,3104,1070,2836
417,1262,3104,1070,2836
418,1262,3104,1070,2836
419,1262,3104,1070,2836
420,1301,3104,1109,2836
421,1301,3104,1109,2836
422,1301,3104,1109,2836
423,1301,3104,1109,2836
424,1301,3104,1109,2836
425,1301,3104,1109,2836
426,1301,3104,1109,2836
427,1301,3104,1109,2836
428,1301,3104,1109,2836
429,1301,3104,1109,2836
430,1301,3104,1109,2836
431,1301,3104,1109,2836
432,1301,3104,1109,2836
433,1301,3104,1109,2836
434,1301,3104,1109,2836
435,1301,3104,1109,2836
436,1301,3104,1109,2836
437,1301,3104,1109,2836
438,1301,3104,1109,2836
439,1301,3104,1109,2836
440,1301,3104,1109,2836
441,1301,3104,1109,2836
442,1301,3104,1109,2836
443,1301,3104,1109,2836
444,1301,3104,1109,2836
445,1301,3104,1109,2836
446,1301,3104,1109,2836
447,1301,3104,1109,2836
448,1301,3104,1109,2836
449,1301,3104,1109,2836
450,1301,3104,1109,2836
451,1301,3104,1109,2836
452,1301,3104,1109,2836
453,1301,3104,1109,2836
454,1301,3104,1109,2836
455,1301,3104,1109,2836
456,1301,3104,1109,2836
457,1301,3104,1109,2836
458,1301,3104,1109,2836
459,1301,3104,1109,2836
460,1301,3104,1109,2836
461,1301,3104,1109,2836
462,1301,3104,1109,2836
463,1301,3104,1109,2836
464,1301,3104,1109,2836
465,1301,3104,1109,2836
466,1301,3104,1109,2836
467,1301,3104,1109,2836
468,1301,3104,1109,2836
469,1301,3104,1109,2836
470,1301,3104,1109,2836
471,1280,3053,1088,2785
472,1280,3053,1088,2785
473,1262,3030,1070,2762
474,1262,3030,1070,2762
475,1248,3030,1056,2762
476,1248,3030,1056,2762
477,1248,3030,1056,2762
478,1240,3030,1048,2762
479,1240,3030,1048,2762
480,1240,3011,1048,2743
481,1240,3011,1048,2743
482,1230,3011,1038,2743
483,1230,3011,1038,2743
484,1230,3011,1038,2743
485,1234,3010,1031,2742
486,1234,3010,1031,2742
487,1234,3010,1031,2742
488,1234,3010,1031,2742
489,1234,3010,1031,2742
490,1234,3010,1031,2742
491,1234,3010,1031,2742
492,1234,3010,1031,2742
493,1234,3010,1031,2742
494,1234,3010,1031,2742
495,1234,3010,1031,2742
496,1234,3010,1031,2742
497,1234,3010,1031,2742
498,1234,3010,1031,2742
499,1234,3010,1031,2742
500,1234,3010,1031,2742
501,1234,3010,1031,2742
502,1234,3010,1031,2742
503,1234,3010,1031,2742
504,1234,3010,1031,2742
505,1234,3010,1031,2742
506,1234,3010,1031,2742
507,1234,3010,1031,2742
508,1234,3010,1031,2742
509,1234,3010,1031,2742
510,1234,3010,1031,2742
511,1266,3022,1063,2754
512,1266,3022,1063,2754
513,1276,3023,1073,2755
514,1276,3023,1073,2755
515,1276,3023,1073,2755
516,1292,3023,1089,2755
517,1292,3023,1089,2755
518,1297,3023,1094,2755
519,1297,3023,1094,2755
520,1297,3023,1094,2755
521,1307,3023,1104,2755
522,1307,3023,1104,2755
523,1312,3023,1109,2755
524,1312,3023,1109,2755
525,1313,3033,1110,2765
526,1313,3033,1110,2765
527,1313,3033,1110,2765
528,1313,3033,1110,2765
529,1313,3033,1110,2765
530,1316,3033,1113,2765
531,1316,3033,1113,2765
532,1316,3033,1113,2765
533,1316,3033,1113,2765
534,1316,3033,1113,2765
535,1316,3033,1113,2765
536,1316,3033,1113,2765
537,1316,3033,1113,2765
538,1316,3033,1113,2765
539,1316,3033,1113,2765
540,1316,3033,1113,2765
541,1316,3033,1113,2765
542,1316,3033,1113,2765
543,1316,3033,1113,2765
544,1316,3033,1113,2765
545,1316,3033,1113,2765
546,1316,3033,1113,2765
547,1316,3033,1113,2765
548,1316,3033,1113,2765
549,1316,3033,1113,2765
550,1316,3033,1113,2765
551,1316,3033,1113,2765
552,1316,3033,1113,2765
553,1316,3033,1113,2765
554,1316,3033,1113,2765
555,1316,3033,1113,2765
556,1316,3033,1113,2765
557,1316,3033,1113,2765
558,1316,3033,1113,2765
559,1316,3033,1113,2765
560,1316,3033,1113,2765
561,1316,3033,1113,2765
562,1316,3033,1113,2765
563,1316,3033,1113,2765
564,1316,3033,1113,2765
565,1316,3033,1113,2765
566,1316,3033,1113,2765
567,1316,3033,1113,2765
568,1316,3033,1113,2765
569,1316,3033,1113,2765
570,1316,3033,1113,2765
571,1316,3033,1113,2765
572,1316,3033,1113,2765
573,1316,3033,1113,2765
574,1316,3033,1113,2765
575,1316,3033,1113,2765
576,1316,3033,1113,2765
577,1316,3033,1113,2765
578,1316,3033,1113,2765
579,1316,3033,1113,2765
580,1316,3033,1113,2765
581,1316,3033,1113,2765
582,1316,3033,1113,2765
583,1316,3033,1113,2765
584,1316,3033,1113,2765
585,1316,3033,1113,2765
586,1316,3033,1113,2765
587,1316,3033,1113,2765
588,1316,3033,1113,2765
589,1316,3033,1113,2765
590,1316,3033,1113,2765
591,1316,3033,1113,2765
592,1316,3033,1113,2765
593,1316,3033,1113,2765
594,1316,3033,1113,2765
595,1316,3033,1113,2765
596,1316,3033,1113,2765
597,1316,3033,1113,2765
598,1316,3033,1113,2765
599,1316,3033,1113,2765
600,1316,3033,1113,2765
601,1316,3033,1113,2765
602,1316,3033,1113,2765
603,1316,3033,1113,2765
604,1316,3033,1113,2765
605,1316,3033,1113,2765
606,1316,3033,1113,2765
607,1316,3033,1113,2765
608,1316,3033,1113,2765
609,1316,3033,1113,2765
610,1316,3033,1113,2765
611,1316,3033,1113,2765
612,1316,3033,1113,2765
613,1316,3033,1113,2765
614,1316,3033,1113,2765
615,1316,3033,1113,2765
616,1316,3033,1113,2765
617,1316,3033,1113,2765
618,1316,3033,1113,2765
619,1316,3033,1113,2765
620,1316,3033,1113,2765
621,1316,3033,1113,2765
622,1316,3033,1113,2765
623,1316,3033,1113,2765
624,1316,3033,1113,2765
625,1316,3033,1113,2765
626,1316,3033,1113,2765
627,1316,3033,1113,2765
628,1316,3033,1113,2765
629,1316,3033,1113,2765
630,1316,3033,1113,2765
631,1316,3033,1113,2765
632,1316,3033,1113,2765
633,1316,3033,1113,2765
634,1316,3033,1113,2765
635,1316,3033,1113,2765
636,1316,3033,1113,2765
637,1316,3033,1113,2765
638,1316,3033,1113,2765
639,1316,3033,1113,2765
640,1316,3033,1113,2765
641,1316,3033,1113,2765
642,1316,3033,1113,2765
643,1316,3033,1113,2765
644,1316,3033,1113,2765
645,1316,3033,1113,2765
646,1316,3033,1113,2765
647,1316,3033,1113,2765
648,1316,3033,1113,2765
649,1316,3033,1113,2765
650,1316,3033,1113,2765
651,1316,3033,1113,2765
652,1316,3033,1113,2765
653,1316,3033,1113,2765
654,1316,3033,1113,2765
655,1316,3033,1113,2765
656,1316,3033,1113,2765
657,1316,3033,1113,2765
658,1316,3033,1113,2765
659,1316,3033,1113,2765
660,1316,3033,1113,2765
661,1316,3033,1113,2765
662,1316,3033,1113,2765
663,1316,3033,1113,2765
664,1316,3033,1113,2765
665,1316,3033,1113,2765
666,1316,3033,1113,2765
667,1316,3033,1113,2765
668,1316,3033,1113,2765
669,1316,3033,1113,2765
670,1316,3033,1113,2765
671,1316,3033,1113,2765
672,1316,3033,1113,2765
673,1316,3033,1113,2765
674,1316,3033,1113,2765
675,1316,3033,1113,2765
676,1316,3033,1113,2765
677,1316,3033,1113,2765
678,1316,3033,1113,2765
679,1316,3033,1113,2765
680,1316,3033,1113,2765
681,1316,3033,1113,2765
682,1316,3033,1113,2765
683,1316,3033,1113,2765
684,1316,3033,1113,2765
685,1316,3033,1113,2765
686,1316,3033,1113,2765
687,1316,3033,1113,2765
688,1316,3033,1113,2765
689,1316,3033,1113,2765
690,1316,3033,1113,2765
691,1316,3033,1113,2765
692,1316,3033,1113,2765
693,1316,3033,1113,2765
694,1316,3033,1113,2765
695,1316,3033,1113,2765
696,1316,3033,1113,2765
697,1316,3033,1113,2765
698,1316,3033,1113,2765
699,1316,3033,1113,2765
700,1316,3033,1113,2765
701,1316,3033,1113,2765
702,1316,3033,1113,2765
703,1316,3033,1113,2765
704,1316,3033,1113,2765
705,1316,3033,1113,2765
706,1316,3033,1113,2765
707,1316,3033,1113,2765
708,1316,3033,1113,2765
709,1316,3033,1113,2765
710,1316,3033,1113,2765
711,1316,3033,1113,2765
712,1316,3033,1113,2765
713,1316,3033,1113,2765
714,1316,3033,1113,2765
715,1316,3033,1113,2765
716,1316,3033,1113,2765
717,1316,3033,1113,2765
718,1316,3033,1113,2765
719,1316,3033,1113,2765
720,1316,3033,1113,2765
721,1316,3033,1113,2765
722,1316,3033,1113,2765
723,1316,3033,1113,2765
724,1316,3033,1113,2765
725,1316,3033,1113,2765
726,1316,3033,1113,2765
727,1316,3033,1113,2765
728,1316,3033,1113,2765
729,1316,3033,1113,2765
730,1316,3033,1113,2765
731,1316,3033,1113,2765
732,1316,3033,1113,2765
733,1316,3033,1113,2765
734,1316,3033,1113,2765
735,1316,3033,1113,2765
736,1316,3033,1113,2765
737,1316,3033,1113,2765
738,1316,3033,1113,2765
739,1316,3033,1113,2765
740,1316,3033,1113,2765
741,1316,3033,1113,2765
742,1316,3033,1113,2765
743,1316,3033,1113,2765
744,1316,3033,1113,2765
745,1316,3033,1113,2765
746,1316,3033,1113,2765
747,1316,3033,1113,2765
748,1316,3033,1113,2765
749,1316,3033,1113,2765
750,1316,3033,1113,2765
751,1316,3033,1113,2765
752,1316,3033,1113,2765
753,1316,3033,1113,2765
754,1316,3033,1113,2765
755,1316,3033,1113,2765
756,1316,3033,1113,2765
757,1316,3033,1113,2765
758,1316,3033,1113,2765
759,1316,3033,1113,2765
760,1316,3033,1113,2765
761,1316,3033,1113,2765
762,1316,3033,1113,2765
763,1316,3033,1113,2765
764,1316,3033,1113,2765
765,1316,3033,1113,2765
766,1316,3033,1113,2765
767,1316,3033,1113,2765
768,1316,3033,1113,2765
769,1316,3033,1113,2765
770,1316,3033,1113,2765
771,1316,3033,1113,2765
772,1316,3033,1113,2765
773,1316,3033,1113,2765
774,1316,3033,1113,2765
775,1316,3033,1113,2765
776,1316,3033,1113,2765
777,1316,3033,1113,2765
778,1316,3033,1113,2765
779,1316,3033,1113,2765
780,1316,3033,1113,2765
781,1316,3033,1113,2765
782,1316,3033,1113,2765
783,1316,3033,1113,2765
784,1316,3033,1113,2765
785,1316,3033,1113,2765
786,1316,3033,1113,2765
787,1316,3033,1113,2765
788,1316,3033,1113,2765
789,1316,3033,1113,2765
790,1316,3033,1113,2765
791,1316,3033,1113,2765
792,1316,3033,1113,2765
793,1316,3033,1113,2765
794,1316,3033,1113,2765
795,1316,3033,1113,2765
796,1316,3033,1113,2765
797,1316,3033,1113,2765
798,1316,3033,1113,2765
799,1316,3033,1113,2765
800,1316,3033,1113,2765
801,1316,3033,1113,2765
802,1316,3033,1113,2765
803,1316,3033,1113,2765
804,1316,3033,1113,2765
805,1316,3033,1113,2765
806,1316,3033,1113,2765
807,1316,3033,1113,2765
808,1316,3033,1113,2765
809,1316,3033,1113,2765
810,1316,3033,1113,2765
811,1316,3033,1113,2765
812,1316,3033,1113,2765
813,1316,3033,1113,2765
814,1316,3033,1113,2765
815,1316,3033,1113,2765
816,1316,3033,1113,2765
817,1316,3033,1113,2765
818,1316,3033,1113,2765
819,1316,3033,1113,2765
820,1316,3033,1113,2765
821,1316,3033,1113,2765
822,1316,3033,1113,2765
823,1316,3033,1113,2765
824,1316,3033,1113,2765
825,1316,3033,1113,2765
826,1316,3033,1113,2765
827,1316,3033,1113,2765
828,1316,2989,1113,2721
829,1316,2989,1113,2721
830,1316,2989,1113,2721
831,1316,2957,1113,2689
832,1316,2957,1113,2689
833,1316,2957,1113,2689
834,1316,2906,1113,2638
835,1316,2906,1113,2638
836,1316,2873,1113,2605
837,1316,2873,1113,2605
838,1316,2826,1113,2558
839,1316,2826,1113,2558
840,1316,2792,1113,2524
841,1316,2792,1113,2524
842,1316,2763,1113,2495
843,1316,2763,1113,2495
844,1296,2750,1093,2437
845,1296,2750,1093,2437
846,1296,2718,1093,2405
847,1296,2718,1093,2405
848,1279,2700,1076,2387
849,1279,2700,1076,2387
850,1263,2669,1060,2356
851,1263,2669,1060,2356
852,1263,2603,1060,2290
853,1263,2603,1060,2290
854,1240,2577,1037,2264
855,1240,2577,1037,2264
856,1213,2547,1010,2234
857,1213,2547,1010,2234
858,1197,2511,994,2198
859,1197,2511,994,2198
860,1197,2490,994,2177
861,1174,2490,971,2177
862,1159,2462,956,2149
863,1159,2462,956,2149
864,1147,2462,924,2149
865,1147,2462,924,2149
866,1108,2428,885,2115
867,1108,2428,885,2115
868,1092,2417,869,2104
869,1092,2417,869,2104
870,1092,2417,869,2104
871,1064,2409,841,2096
872,1064,2409,841,2096
873,1048,2372,825,2059
874,1048,2372,825,2059
875,1012,2372,789,2059
876,1012,2372,789,2059
877,992,2352,769,2039
878,992,2352,769,2039
879,967,2352,744,2039
880,967,2352,744,2039
881,967,2352,744,2039
882,967,2352,744,2039
883,967,2352,744,2039
884,967,2352,744,2039
885,967,2352,744,2039
886,966,2352,743,2039
887,966,2352,743,2039
888,966,2352,743,2039
889,966,2352,743,2039
890,966,2352,743,2039
891,966,2352,743,2039
892,966,2352,743,2039
893,966,2352,743,2039
894,966,2352,743,2039
895,966,2352,743,2039
896,966,2352,743,2039
897,966,2352,743,2039
898,966,2352,743,2039
899,966,2352,743,2039
900,966,2352,743,2039
901,966,2352,743,2039
902,966,2333,743,2020
903,966,2333,743,2020
904,966,2333,743,2020
905,966,2333,743,2020
906,966,2333,743,2020
907,966,2333,743,2020
908,966,2333,743,2020
909,966,2333,743,2020
910,966,2333,743,2020
911,966,2333,743,2020
912,966,2333,743,2020
913,966,2333,743,2020
914,966,2333,743,2020
915,966,2333,743,2020
916,966,2333,743,2020
917,966,2333,743,2020
918,966,2333,743,2020
919,966,2333,743,2020
920,980,2348,757,2035
921,980,2348,757,2035
922,1004,2365,781,2052
923,1004,2365,781,2052
924,1004,2365,781,2052
925,1004,2365,781,2052
926,1004,2365,781,2052
927,1012,2385,789,2072
928,1012,2385,789,2072
929,1012,2385,789,2072
930,1012,2385,789,2072
931,1037,2385,814,2072
932,1037,2385,814,2072
933,1037,2385,814,2072
934,1037,2412,814,2099
935,1037,2412,814,2099
936,1037,2412,814,2099
937,1037,2412,814,2099
938,1037,2412,814,2099
939,1037,2412,814,2099
940,1037,2412,814,2099
941,1037,2412,814,2099
942,1037,2449,814,2136
943,1037,2449,814,2136
944,1037,2449,814,2136
945,1037,2449,814,2136
946,1037,2449,814,2136
947,1037,2449,814,2136
948,1037,2449,814,2136
949,1037,2449,814,2136
950,1037,2449,814,2136
951,1037,2529,814,2216
952,1037,2529,814,2216
953,1037,2529,814,2216
954,1037,2529,814,2216
955,1037,2529,814,2216
956,1037,2564,814,2251
957,1037,2564,814,2251
958,1037,2564,814,2251
959,1037,2564,814,2251
960,1037,2564,814,2251
961,1037,2599,814,2286
962,1037,2599,814,2286
963,1037,2599,814,2286
964,1037,2599,814,2286
965,1056,2625,833,2312
966,1056,2625,833,2312
967,1056,2625,833,2312
968,1056,2625,833,2312
969,1073,2646,850,2333
970,1073,2646,850,2333
971,1073,2646,850,2333
972,1092,2663,869,2350
973,1092,2663,869,2350
974,1092,2663,869,2350
975,1110,2663,887,2350
976,1110,2663,887,2350
977,1110,2663,887,2350
978,1110,2682,887,2369
979,1110,2682,887,2369
980,1110,2682,887,2369
981,1104,2682,881,2369
982,1104,2682,881,2369
983,1104,2682,881,2369
984,1104,2682,881,2369
985,1104,2682,881,2369
986,1080,2682,857,2369
987,1080,2682,857,2369
988,1080,2682,857,2369
989,1080,2682,857,2369
990,1080,2682,857,2369
991,1080,2682,857,2369
992,1048,2682,825,2369
993,1048,2682,825,2369
994,1048,2682,825,2369
995,1048,2682,825,2369
996,1008,2682,785,2369
997,1008,2682,785,2369
998,1008,2682,785,2369
999,1008,2682,785,2369
1000,987,2682,764,2369
1001,987,2682,764,2369
1002,987,2682,764,2369
1003,987,2682,764,2369
1004,987,2682,764,2369
1005,987,2682,764,2369
1006,987,2682,764,2369
1007,987,2682,764,2369
1008,987,2682,764,2369
1009,987,2682,764,2369
1010,987,2682,764,2369
1011,987,2682,764,2369
1012,987,2682,764,2369
1013,987,2682,764,2369
1014,987,2682,764,2369
1015,991,2682,768,2369
1016,991,2682,768,2369
1017,991,2682,768,2369
1018,991,2682,768,2369
1019,991,2682,768,2369
1020,991,2682,768,2369
1021,991,2682,768,2369
1022,991,2682,768,2369
1023,991,2682,768,2369
1024,991,2682,768,2369
1025,991,2682,768,2369
1026,991,2682,768,2369
1027,991,2682,768,2369
1028,991,2682,768,2369
1029,991,2682,768,2369
1030,991,2682,768,2369
1031,991,2682,768,2369
1032,991,2682,768,2369
1033,991,2682,768,2369
1034,991,2682,768,2369
1035,991,2682,768,2369
1036,991,2682,768,2369
1037,991,2682,768,2369
1038,991,2682,768,2369
1039,991,2682,768,2369
1040,991,2682,768,2369
1041,991,2682,768,2369
1042,991,2682,768,2369
1043,991,2682,768,2369
1044,991,2682,768,2369
1045,967,2666,744,2369
1046,967,2666,744,2369
1047,921,2666,698,2369
1048,921,2666,698,2369
1049,896,2666,673,2369
1050,896,2666,673,2369
1051,896,2666,673,2369
1052,896,2666,673,2369
1053,896,2666,673,2369
1054,868,2666,645,2369
1055,868,2666,645,2369
1056,868,2666,645,2369
1057,868,2666,645,2369
1058,832,2666,609,2369
1059,832,2666,609,2369
1060,832,2666,609,2369
1061,832,2666,609,2369
1062,832,2666,609,2369
1063,832,2666,609,2369
1064,832,2666,609,2369
1065,832,2666,609,2369
1066,804,2666,581,2369
1067,804,2666,581,2369
1068,804,2666,581,2369
1069,774,2666,551,2369
1070,774,2666,551,2369
1071,774,2666,551,2369
1072,774,2666,551,2369
1073,774,2666,551,2369
1074,743,2666,520,2369
1075,743,2666,520,2369
1076,743,2666,520,2369
1077,743,2666,520,2369
1078,743,2666,520,2369
1079,743,2666,520,2369
1080,743,2666,520,2369
1081,743,2666,520,2369
1082,714,2666,491,2369
1083,714,2666,491,2369
1084,714,2666,491,2369
1085,714,2666,491,2369
1086,714,2666,491,2369
1087,714,2666,491,2369
1088,714,2666,491,2369
1089,714,2666,491,2369
1090,714,2666,491,2369
1091,714,2666,491,2369
1092,714,2666,491,2369
1093,714,2666,491,2369
1094,714,2666,491,2369
1095,714,2666,491,2369
1096,714,2666,491,2369
1097,714,2666,491,2369
1098,714,2666,491,2369
1099,714,2666,491,2369
1100,693,2666,470,2369
1101,693,2666,470,2369
1102,693,2666,470,2369
1103,693,2666,470,2369
1104,693,2666,470,2369
1105,693,2666,470,2369
1106,693,2666,470,2369
1107,693,2666,470,2369
1108,693,2666,470,2369
1109,693,2666,470,2369
1110,693,2666,470,2369
1111,693,2666,470,2369
1112,693,2666,470,2369
1113,693,2666,470,2369
1114,693,2666,470,2369
1115,693,2666,470,2369
1116,693,2666,470,2369
1117,693,2666,470,2369
1118,693,2666,470,2369
1119,693,2666,470,2369
1120,693,2666,470,2369
1121,693,2666,470,2369
1122,693,2666,470,2369
1123,693,2666,470,2369
1124,693,2666,470,2369
1125,693,2666,470,2369
1126,693,2666,470,2369
1127,693,2666,470,2369
1128,693,2666,470,2369
1129,693,2666,470,2369
1130,693,2666,470,2369
1131,693,2666,470,2369
1132,693,2666,470,2369
1133,693,2666,470,2369
1134,693,2666,470,2369
1135,693,2666,470,2369
1136,693,2666,470,2369
1137,693,2666,470,2369
1138,693,2666,470,2369
1139,693,2666,470,2369
1140,693,2666,470,2369
1141,693,2666,470,2369
1142,693,2666,470,2369
1143,693,2666,470,2369
1144,693,2666,470,2369
1145,693,2666,470,2369
1146,693,2666,470,2369
1147,693,2666,470,2369
1148,693,2666,470,2369
1149,693,2666,470,2369
1150,693,2666,470,2369
1151,693,2666,470,2369
1152,693,2666,470,2369
1153,693,2666,470,2369
1154,693,2666,470,2369
1155,693,2666,470,2369
1156,693,2666,470,2369
1157,693,2666,470,2369
1158,693,2666,470,2369
1159,693,2666,470,2369
1160,693,2666,470,2369
1161,693,2666,470,2369
1162,693,2666,470,2369
1163,693,2666,470,2369
1164,693,2666,470,2369
1165,693,2666,470,2369
1166,693,2666,470,2369
1167,693,2666,470,2369
1168,693,2666,470,2369
1169,693,2666,470,2369
1170,693,2666,470,2369
1171,693,2666,470,2369
1172,693,2666,470,2369
1173,693,2666,470,2369
1174,693,2666,470,2369
1175,693,2666,470,2369
1176,693,2666,470,2369
1177,693,2666,470,2369
1178,693,2666,470,2369
1179,693,2666,470,2369
1180,693,2666,470,2369
1181,693,2666,470,2369
1182,693,2666,470,2369
1183,693,2666,470,2369
1184,693,2666,470,2369
1185,719,2666,496,2369
1186,719,2666,496,2369
1187,719,2666,496,2369
1188,738,2667,515,2370
1189,738,2667,515,2370
1190,738,2667,515,2370
1191,738,2667,515,2370
1192,738,2667,515,2370
1193,738,2667,515,2370
1194,738,2667,515,2370
1195,738,2667,515,2370
1196,738,2667,515,2370
1197,738,2667,515,2370
1198,738,2667,515,2370
1199,738,2667,515,2370
1200,710,2667,487,2370
1201,710,2667,487,2370
1202,710,2667,487,2370
1203,710,2667,487,2370
1204,710,2667,487,2370
1205,710,2667,487,2370
1206,710,2667,487,2370
1207,710,2667,487,2370
1208,710,2667,487,2370
1209,662,2674,439,2377
1210,662,2674,439,2377
1211,662,2674,439,2377
1212,662,2674,439,2377
1213,662,2674,439,2377
1214,662,2674,439,2377
1215,662,2674,439,2377
1216,662,2674,439,2377
1217,627,2674,404,2377
1218,627,2674,404,2377
1219,627,2674,404,2377
1220,627,2674,404,2377
1221,627,2674,404,2377
1222,627,2674,404,2377
1223,627,2674,404,2377
1224,627,2674,404,2377
1225,627,2674,404,2377
1226,627,2674,404,2377
1227,627,2674,404,2377
1228,612,2674,389,2377
1229,612,2674,389,2377
1230,612,2674,389,2377
1231,612,2674,389,2377
1232,612,2674,389,2377
1233,612,2674,389,2377
1234,612,2674,389,2377
1235,612,2674,389,2377
1236,612,2674,389,2377
1237,612,2674,389,2377
1238,612,2674,389,2377
1239,612,2674,389,2377
1240,612,2729,389,2432
1241,612,2729,389,2432
1242,612,2729,389,2432
1243,612,2729,389,2432
1244,612,2729,389,2432
1245,612,2729,389,2432
1246,612,2729,389,2432
1247,612,2729,389,2432
1248,613,2770,390,2473
1249,613,2770,390,2473
1250,613,2770,390,2473
1251,613,2770,390,2473
1252,644,2770,421,2473
1253,644,2770,421,2473
1254,644,2770,421,2473
1255,671,2806,448,2509
1256,671,2806,448,2509
1257,671,2806,448,2509
1258,671,2806,448,2509
1259,693,2831,470,2534
1260,693,2831,470,2534
1261,693,2831,470,2534
1262,726,2831,503,2534
1263,726,2831,503,2534
1264,726,2831,503,2534
1265,726,2831,503,2534
1266,726,2831,503,2534
1267,726,2831,503,2534
1268,726,2831,503,2534
1269,764,2831,541,2534
1270,764,2831,541,2534
1271,764,2831,541,2534
1272,790,2831,567,2534
1273,790,2831,567,2534
1274,790,2831,567,2534
1275,790,2831,567,2534
1276,825,2831,602,2534
1277,825,2831,602,2534
1278,825,2831,602,2534
1279,825,2831,602,2534
1280,825,2831,602,2534
1281,861,2831,638,2534
1282,861,2831,638,2534
1283,861,2831,638,2534
1284,861,2831,638,2534
1285,898,2831,675,2534
1286,898,2831,675,2534
1287,898,2831,675,2534
1288,927,2831,704,2534
1289,927,2831,704,2534
1290,927,2831,704,2534
1291,927,2831,704,2534
1292,974,2831,751,2534
1293,974,2831,751,2534
1294,974,2831,751,2534
1295,974,2831,751,2534
1296,974,2831,751,2534
1297,1019,2831,796,2534
1298,1019,2831,796,2534
1299,1019,2831,796,2534
1300,1019,2831,796,2534
1301,1019,2831,796,2534
1302,1019,2831,796,2534
1303,1052,2831,829,2534
1304,1052,2831,829,2534
1305,1052,2831,829,2534
1306,1052,2831,829,2534
1307,1052,2831,829,2534
1308,1087,2831,864,2534
1309,1087,2831,864,2534
1310,1087,2831,864,2534
1311,1087,2831,864,2534
1312,1117,2831,894,2534
1313,1117,2831,894,2534
1314,1117,2831,894,2534
1315,1117,2831,894,2534
1316,1117,2831,894,2534
1317,1117,2831,894,2534
1318,1117,2831,894,2534
1319,1137,2831,914,2534
1320,1137,2831,914,2534
1321,1137,2831,914,2534
1322,1137,2831,914,2534
1323,1137,2831,914,2534
1324,1137,2831,914,2534
1325,1137,2831,914,2534
1326,1176,2831,953,2534
1327,1176,2831,953,2534
1328,1176,2831,953,2534
1329,1176,2831,953,2534
1330,1186,2831,963,2534
1331,1186,2831,963,2534
1332,1186,2831,963,2534
1333,1186,2831,963,2534
1334,1186,2831,963,2534
1335,1186,2831,963,2534
1336,1186,2831,963,2534
1337,1186,2831,963,2534
1338,1186,2831,963,2534
1339,1186,2831,963,2534
1340,1186,2831,963,2534
1341,1186,2831,963,2534
1342,1186,2831,963,2534
1343,1186,2831,963,2534
1344,1186,2831,963,2534
1345,1186,2831,963,2534
1346,1186,2831,963,2534
1347,1247,2831,1024,2534
1348,1247,2831,1024,2534
1349,1247,2831,1024,2534
1350,1247,2831,1024,2534
1351,1247,2831,1024,2534
1352,1247,2831,1024,2534
1353,1247,2831,1024,2534
1354,1247,2831,1024,2534
1355,1247,2831,1024,2534
1356,1247,2831,1024,2534
1357,1247,2831,1024,2534
1358,1247,2831,1024,2534
1359,1247,2831,1024,2534
1360,1247,2831,1024,2534
1361,1247,2831,1024,2534
1362,1247,2831,1024,2534
1363,1247,2831,1024,2534
1364,1247,2831,1024,2534
1365,1247,2831,1024,2534
1366,1247,2831,1024,2534
1367,1247,2831,1024,2534
1368,1247,2831,1024,2534
1369,1285,2831,1062,2534
1370,1285,2831,1062,2534
1371,1285,2831,1062,2534
1372,1285,2831,1062,2534
1373,1285,2831,1062,2534
1374,1285,2831,1062,2534
1375,1285,2831,1062,2534
1376,1285,2831,1062,2534
1377,1285,2831,1062,2534
1378,1285,2831,1062,2534
1379,1285,2831,1062,2534
1380,1285,2831,1062,2534
1381,1285,2831,1062,2534
1382,1285,2831,1062,2534
1383,1285,2831,1062,2534
1384,1285,2831,1062,2534
1385,1285,2831,1062,2534
1386,1285,2831,1062,2534
1387,1285,2831,1062,2534
1388,1285,2831,1062,2534
1389,1285,2831,1062,2534
1390,1285,2831,1062,2534
1391,1285,2831,1062,2534
1392,1285,2831,1062,2534
1393,1285,2831,1062,2534
1394,1285,2831,1062,2534
1395,1285,2831,1062,2534
1396,1285,2831,1062,2534
1397,1285,2831,1062,2534
1398,1285,2831,1062,2534
1399,1285,2831,1062,2534
1400,1285,2831,1062,2534
1401,1285,2831,1062,2534
1402,1285,2831,1062,2534
1403,1285,2831,1062,2534
1404,1285,2831,1062,2534
1405,1285,2831,1062,2534
1406,1245,2831,1022,2534
1407,1245,2831,1022,2534
1408,1245,2831,1022,2534
1409,1245,2831,1022,2534
1410,1245,2831,1022,2534
1411,1245,2831,1022,2534
1412,1245,2831,1022,2534
1413,1245,2831,1022,2534
1414,1245,2831,1022,2534
1415,1245,2831,1022,2534
1416,1245,2831,1022,2534
1417,1245,2831,1022,2534
1418,1245,2831,1022,2534
1419,1239,2831,1016,2534
1420,1239,2831,1016,2534
1421,1239,2831,1016,2534
1422,1239,2831,1016,2534
1423,1239,2831,1016,2534
1424,1239,2831,1016,2534
1425,1239,2831,1016,2534
1426,1239,2831,1016,2534
1427,1239,2831,1016,2534
1428,1239,2831,1016,2534
1429,1239,2831,1016,2534
1430,1239,2831,1016,2534
1431,1239,2831,1016,2534
1432,1239,2831,1016,2534
1433,1239,2831,1016,2534
1434,1239,2831,1016,2534
1435,1239,2831,1016,2534
1436,1239,2831,1016,2534
1437,1239,2831,1016,2534
1438,1239,2831,1016,2534
1439,1239,2831,1016,2534
1440,1239,2831,1016,2534
1441,1239,2831,1016,2534
1442,1239,2831,1016,2534
1443,1239,2831,1016,2534
1444,1239,2831,1016,2534
1445,1239,2831,1016,2534
1446,1239,2831,1016,2534
1447,1239,2831,1016,2534
1448,1239,2831,1016,2534
1449,1239,2831,1016,2534
1450,1239,2831,1016,2534
1451,1239,2831,1016,2534
1452,1239,2831,1016,2534
1453,1239,2831,1016,2534
1454,1267,2831,1044,2534
1455,1267,2831,1044,2534
1456,1267,2831,1044,2534
1457,1267,2831,1044,2534
1458,1267,2831,1044,2534
1459,1267,2831,1044,2534
1460,1267,2831,1044,2534
1461,1267,2831,1044,2534
1462,1267,2831,1044,2534
1463,1267,2831,1044,2534
1464,1267,2831,1044,2534
1465,1267,2831,1044,2534
1466,1267,2831,1044,2534
1467,1267,2831,1044,2534
1468,1267,2831,1044,2534
1469,1267,2831,1044,2534
1470,1267,2831,1044,2534
1471,1267,2831,1044,2534
1472,1267,2831,1044,2534
1473,1266,2831,1043,2534
1474,1266,2831,1043,2534
1475,1266,2831,1043,2534
1476,1266,2831,1043,2534
1477,1266,2831,1043,2534
1478,1266,2831,1043,2534
1479,1266,2831,1043,2534
1480,1266,2831,1043,2534
1481,1266,2831,1043,2534
1482,1266,2831,1043,2534
1483,1266,2831,1043,2534
1484,1266,2831,1043,2534
1485,1266,2831,1043,2534
1486,1266,2831,1043,2534
1487,1266,2831,1043,2534
1488,1266,2831,1043,2534
1489,1266,2831,1043,2534
1490,1266,2831,1043,2534
1491,1266,2831,1043,2534
1492,1266,2831,1043,2534
1493,1266,2831,1043,2534
1494,1266,2831,1043,2534
1495,1266,2831,1043,2534
1496,1266,2831,1043,2534
1497,1266,2831,1043,2534
1498,1266,2831,1043,2534
1499,1266,2831,1043,2534
1500,1266,2831,1043,2534
1501,1266,2831,1043,2534
1502,1266,2831,1043,2534
1503,1266,2831,1043,2534
1504,1266,2831,1043,2534
1505,1266,2831,1043,2534
1506,1266,2831,1043,2534
1507,1266,2831,1043,2534
1508,1266,2831,1043,2534
1509,1266,2831,1043,2534
1510,1266,2831,1043,2534
1511,1266,2831,1043,2534
1512,1266,2831,1043,2534
1513,1266,2831,1043,2534
1514,1266,2831,1043,2534
1515,1266,2831,1043,2534
1516,1266,2831,1043,2534
1517,1266,2831,1043,2534
1518,1266,2831,1043,2534
1519,1266,2831,1043,2534
1520,1266,2831,1043,2534
1521,1266,2831,1043,2534
1522,1266,2831,1043,2534
1523,1266,2831,1043,2534
1524,1266,2831,1043,2534
1525,1266,2831,1043,2534
1526,1266,2831,1043,2534
1527,1266,2831,1043,2534
1528,1266,2831,1043,2534
1529,1266,2831,1043,2534
1530,1266,2831,1043,2534
1531,1266,2831,1043,2534
1532,1266,2831,1043,2534
1533,1266,2831,1043,2534
1534,1266,2831,1043,2534
1535,1266,2831,1043,2534
1536,1266,2831,1043,2534
1537,1266,2831,1043,2534
1538,1266,2831,1043,2534
1539,1266,2831,1043,2534
1540,1266,2831,1043,2534
1541,1266,2831,1043,2534
1542,1266,2831,1043,2534
1543,1266,2831,1043,2534
1544,1266,2831,1043,2534
1545,1266,2831,1043,2534
1546,1266,2831,1043,2534
1547,1266,2831,1043,2534
1548,1266,2831,1043,2534
1549,1266,2831,1043,2534
1550,1266,2831,1043,2534
1551,1266,2831,1043,2534
1552,1266,2831,1043,2534
1553,1266,2831,1043,2534
1554,1266,2831,1043,2534
1555,1266,2831,1043,2534
1556,1266,2831,1043,2534
1557,1266,2831,1043,2534
1558,1266,2831,1043,2534
1559,1266,2831,1043,2534
1560,1266,2831,1043,2534
1561,1266,2831,1043,2534
1562,1266,2831,1043,2534
1563,1266,2831,1043,2534
1564,1266,2831,1043,2534
1565,1266,2831,1043,2534
1566,1266,2831,1043,2534
1567,1266,2831,1043,2534
1568,1266,2831,1043,2534
1569,1266,2831,1043,2534
1570,1266,2831,1043,2534
1571,1266,2831,1043,2534
1572,1266,2831,1043,2534
1573,1266,2831,1043,2534
1574,1266,2831,1043,2534
1575,1266,2831,1043,2534
1576,1266,2831,1043,2534
1577,1266,2831,1043,2534
1578,1266,2831,1043,2534
1579,1266,2831,1043,2534
1580,1266,2831,1043,2534
1581,1266,2831,1043,2534
1582,1266,2831,1043,2534
1583,1266,2831,1043,2534
1584,1266,2831,1043,2534
1585,1266,2831,1043,2534
1586,1266,2831,1043,2534
1587,1266,2831,1043,2534
1588,1266,2831,1043,2534
1589,1266,2831,1043,2534
1590,1266,2831,1043,2534
1591,1266,2831,1043,2534
1592,1266,2831,1043,2534
1593,1266,2831,1043,2534
1594,1266,2831,1043,2534
1595,1266,2831,1043,2534
1596,1266,2831,1043,2534
1597,1266,2831,1043,2534
1598,1266,2831,1043,2534
1599,1266,2831,1043,2534
1600,1266,2831,1043,2534
1601,1266,2831,1043,2534
1602,1266,2831,1043,2534
1603,1266,2831,1043,2534
1604,1266,2831,1043,2534
1605,1266,2831,1043,2534
1606,1266,2831,1043,2534
1607,1266,2831,1043,2534
1608,1266,2831,1043,2534
1609,1266,2831,1043,2534
1610,1266,2831,1043,2534
1611,1266,2831,1043,2534
1612,1266,2831,1043,2534
1613,1266,2831,1043,2534
1614,1266,2831,1043,2534
1615,1266,2831,1043,2534
1616,1266,2831,1043,2534
1617,1266,2831,1043,2534
1618,1266,2831,1043,2534
1619,1266,2831,1043,2534
1620,1266,2831,1043,2534
1621,1266,2831,1043,2534
1622,1266,2831,1043,2534
1623,1266,2831,1043,2534
1624,1266,2831,1043,2534
1625,1266,2831,1043,2534
1626,1266,2831,1043,2534
1627,1266,2831,1043,2534
1628,1266,2831,1043,2534
1629,1266,2831,1043,2534
1630,1266,2831,1043,2534
1631,1266,2831,1043,2534
1632,1266,2831,1043,2534
1633,1266,2831,1043,2534
1634,1266,2831,1043,2534
1635,1266,2831,1043,2534
1636,1266,2831,1043,2534
1637,1266,2831,1043,2534
1638,1266,2831,1043,2534
1639,1266,2831,1043,2534
1640,1266,2831,1043,2534
1641,1266,2831,1043,2534
1642,1266,2831,1043,2534
1643,1266,2831,1043,2534
1644,1266,2831,1043,2534
1645,1266,2831,1043,2534
1646,1266,2831,1043,2534
1647,1266,2831,1043,2534
1648,1266,2831,1043,2534
1649,1266,2831,1043,2534
1650,1266,2831,1043,2534
1651,1266,2831,1043,2534
1652,1266,2831,1043,2534
1653,1266,2831,1043,2534
1654,1266,2831,1043,2534
1655,1266,2831,1043,2534
1656,1266,2831,1043,2534
1657,1266,2831,1043,2534
1658,1266,2831,1043,2534
1659,1266,2831,1043,2534
1660,1266,2831,1043,2534
1661,1266,2831,1043,2534
1662,1266,2831,1043,2534
1663,1266,2831,1043,2534
1664,1266,2831,1043,2534
1665,1266,2831,1043,2534
1666,1266,2831,1043,2534
1667,1266,2831,1043,2534
1668,1266,2831,1043,2534
1669,1266,2831,1043,2534
1670,1266,2831,1043,2534
1671,1266,2831,1043,2534
1672,1266,2831,1043,2534
1673,1266,2831,1043,2534
1674,1266,2831,1043,2534
1675,1266,2831,1043,2534
1676,1266,2831,1043,2534
1677,1266,2831,1043,2534
1678,1266,2831,1043,2534
1679,1266,2831,1043,2534
1680,1266,2831,1043,2534
1681,1266,2831,1043,2534
1682,1266,2831,1043,2534
1683,1266,2831,1043,2534
1684,1266,2831,1043,2534
1685,1266,2831,1043,2534
1686,1266,2831,1043,2534
1687,1266,2831,1043,2534
1688,1266,2831,1043,2534
1689,1266,2831,1043,2534
1690,1266,2831,1043,2534
1691,1266,2831,1043,2534
1692,1266,2831,1043,2534
1693,1266,2831,1043,2534
1694,1266,2831,1043,2534
1695,1266,2831,1043,2534
1696,1266,2831,1043,2534
1697,1266,2831,1043,2534
1698,1266,2831,1043,2534
1699,1204,2772,981,2475
1700,1204,2772,981,2475
1701,1204,2772,981,2475
1702,1204,2772,981,2475
1703,1204,2772,981,2475
1704,1204,2772,981,2475
1705,1204,2772,981,2475
1706,1204,2772,981,2475
1707,1204,2772,981,2475
1708,1204,2772,981,2475
1709,1204,2772,981,2475
1710,1204,2772,981,2475
1711,1204,2772,981,2475
1712,1204,2772,981,2475
1713,1204,2772,981,2475
1714,1204,2772,981,2475
1715,1204,2772,981,2475
1716,1204,2772,981,2475
1717,1204,2772,981,2475
1718,1204,2772,981,2475
1719,1204,2772,981,2475
1720,1204,2772,981,2475
1721,1204,2772,981,2475
1722,1204,2772,981,2475
1723,1204,2772,981,2475
1724,1204,2772,981,2475
1725,1204,2772,981,2475
1726,1204,2772,981,2475
1727,1204,2772,981,2475
1728,1204,2772,981,2475
1729,1204,2772,981,2475
1730,1204,2772,981,2475
1731,1204,2772,981,2475
1732,1204,2772,981,2475
1733,1204,2772,981,2475
1734,1204,2772,981,2475
1735,1204,2772,981,2475
1736,1204,2772,981,2475
1737,1204,2772,981,2475
1738,1204,2772,981,2475
1739,1204,2772,981,2475
1740,1204,2772,981,2475
1741,1204,2772,981,2475
1742,1204,2772,981,2475
1743,1204,2772,981,2475
1744,1204,2772,981,2475
1745,1204,2772,981,2475
1746,1204,2635,981,2338
1747,1204,2635,981,2338
1748,1204,2635,981,2338
1749,1204,2635,981,2338
1750,1204,2606,981,2309
1751,1204,2606,981,2309
1752,1204,2606,981,2309
1753,1204,2571,981,2274
1754,1204,2571,981,2274
1755,1204,2571,981,2274
1756,1204,2571,981,2274
1757,1204,2571,981,2274
1758,1204,2571,981,2274
1759,1204,2571,981,2274
1760,1204,2571,981,2274
1761,1204,2571,981,2274
1762,1204,2571,981,2274
1763,1204,2571,981,2274
1764,1204,2571,981,2274
1765,1204,2571,981,2274
1766,1204,2571,981,2274
1767,1204,2571,981,2274
1768,1204,2571,981,2274
1769,1204,2571,981,2274
1770,1204,2571,981,2274
1771,1204,2571,981,2274
1772,1204,2571,981,2274
1773,1204,2571,981,2274
1774,1204,2581,981,2284
1775,1204,2581,981,2284
1776,1204,2581,981,2284
1777,1204,2581,981,2284
1778,1204,2581,981,2284
1779,1204,2581,981,2284
1780,1204,2581,981,2284
1781,1204,2581,981,2284
1782,1164,2581,941,2284
1783,1164,2581,941,2284
1784,1164,2581,941,2284
1785,1164,2581,941,2284
1786,1164,2581,941,2284
1787,1164,2581,941,2284
1788,1164,2581,941,2284
1789,1164,2581,941,2284
1790,1164,2581,941,2284
1791,1164,2581,941,2284
1792,1164,2581,941,2284
1793,1106,2581,883,2284
1794,1106,2581,883,2284
1795,1106,2581,883,2284
1796,1106,2581,883,2284
1797,1106,2581,883,2284
1798,1106,2581,883,2284
1799,1106,2581,883,2284
1800,1070,2581,847,2284
1801,1070,2581,847,2284
1802,1070,2581,847,2284
1803,1070,2581,847,2284
1804,1070,2581,847,2284
1805,1070,2581,847,2284
1806,1070,2581,847,2284
1807,1070,2581,847,2284
1808,1070,2581,847,2284
1809,1070,2581,847,2284
1810,1070,2581,847,2284
1811,1070,2581,847,2284
