1,131,58,258,171
2,125,68,257,177
3,120,76,257,198
4,114,86,257,221
5,111,94,255,237
6,108,110,254,249
7,105,127,252,255
8,104,140,270,257
9,104,153,267,261
10,107,166,286,294
11,107,178,288,327
12,108,189,293,345
13,108,198,300,348
14,109,206,301,349
15,108,212,302,348
16,106,215,300,348
17,101,220,288,348
18,101,222,278,342
19,100,213,277,352
20,99,198,274,393
21,97,202,274,418
22,98,223,276,431
23,98,284,273,441
24,105,308,275,454
25,135,324,276,461
26,143,340,276,479
27,148,352,279,497
28,150,363,284,509
29,156,374,290,514
30,160,388,293,520
31,167,410,294,520
32,175,432,296,533
33,178,450,296,552
34,179,456,296,569
35,176,456,296,588
36,173,458,295,618
37,172,462,294,643
38,169,476,291,657
39,166,490,293,664
40,163,517,291,665
41,159,545,301,676
42,157,579,303,715
43,154,616,297,747
44,151,616,286,772
45,149,618,282,794
46,146,627,280,809
47,143,640,277,823
48,139,655,266,835
49,136,676,243,848
50,131,702,233,860
51,128,733,224,871
52,126,768,226,882
53,123,794,228,899
54,121,795,228,913
55,116,802,228,946
56,113,811,225,981
57,112,827,225,1003
58,109,846,224,1015
59,108,867,223,1023
60,105,896,225,1026
61,105,925,226,1049
62,108,956,226,1076
63,107,975,225,1103
64,108,979,223,1123
65,108,987,222,1142
66,111,1000,219,1159
67,113,1014,219,1174
68,115,1029,223,1188
69,118,1051,225,1201
70,120,1076,224,1214
71,121,1100,225,1222
72,120,1131,224,1229
73,117,1143,226,1233
74,118,1143,225,1243
75,116,1142,225,1261
76,115,1144,227,1272
77,115,1153,224,1279
78,115,1162,226,1288
79,117,1172,231,1297
80,120,1183,234,1309
81,120,1198,240,1314
82,120,1209,252,1322
83,119,1226,260,1329
84,118,1230,261,1334
85,119,1233,261,1339
86,123,1236,261,1342
87,123,1239,262,1346
88,127,1241,260,1348
89,127,1243,261,1351
90,127,1230,261,1350
91,127,1225,261,1350
92,129,1217,261,1351
93,129,1205,261,1351
94,129,1198,261,1351
95,128,1195,269,1351
96,127,1198,272,1350
97,126,1205,272,1350
98,125,1210,273,1350
99,122,1216,272,1351
100,119,1225,273,1349
101,114,1231,273,1346
102,107,1230,273,1344
103,101,1227,273,1341
104,93,1224,271,1338
105,86,1215,263,1332
106,78,1193,249,1330
107,70,1172,225,1328
108,65,1158,213,1321
109,65,1140,209,1315
110,65,1124,204,1309
111,69,1114,193,1304
112,74,1111,181,1307
113,75,1110,181,1309
114,75,1110,181,1309
115,78,1110,179,1310
116,78,1110,175,1317
117,76,1112,175,1331
118,74,1117,172,1341
119,72,1142,168,1350
120,70,1162,178,1368
121,72,1188,186,1386
122,63,1214,193,1403
123,59,1241,202,1414
124,57,1263,221,1423
125,57,1286,238,1430
126,57,1305,254,1433
127,61,1314,263,1440
128,64,1327,271,1500
129,70,1334,276,1504
130,76,1346,275,1503
131,66,1349,276,1503
132,68,1349,276,1503
133,75,1349,276,1504
134,83,1349,275,1505
135,83,1349,275,1505
136,83,1349,275,1505
137,83,1349,275,1505
138,83,1349,276,1505
139,83,1349,276,1505
140,83,1349,276,1505
141,83,1349,277,1505
142,83,1349,278,1505
143,74,1352,279,1505
144,71,1355,279,1505
145,67,1357,280,1511
146,62,1360,280,1515
147,60,1364,281,1516
148,56,1369,281,1517
149,54,1376,279,1516
150,50,1379,277,1515
151,50,1380,268,1516
152,48,1388,257,1517
153,46,1388,242,1517
154,45,1389,230,1516
155,44,1389,220,1517
156,44,1389,207,1529
157,43,1388,196,1540
158,43,1388,182,1544
159,43,1388,168,1554
160,43,1388,163,1567
161,43,1388,164,1572
162,43,1388,163,1570
163,43,1388,163,1570
164,43,1384,164,1570
165,43,1380,164,1566
166,42,1379,164,1566
167,40,1379,167,1567
168,39,1379,170,1566
169,41,1381,174,1566
170,41,1385,179,1566
171,41,1388,187,1567
172,46,1392,195,1567
173,46,1395,199,1567
174,46,1397,199,1567
175,50,1397,200,1567
176,57,1397,200,1566
177,61,1396,200,1566
178,65,1396,200,1565
179,68,1396,200,1561
180,71,1396,200,1555
181,73,1396,200,1549
182,76,1396,200,1545
183,78,1395,201,1529
184,79,1391,201,1529
185,79,1391,201,1525
186,83,1369,201,1524
187,84,1364,209,1524
188,86,1364,226,1524
189,83,1363,235,1525
190,84,1358,234,1525
191,80,1358,234,1524
192,80,1358,234,1522
193,80,1358,234,1518
194,73,1358,234,1517
195,70,1358,234,1516
196,70,1358,234,1516
197,70,1358,234,1520
198,70,1358,234,1522
199,70,1358,234,1525
200,70,1358,234,1525
201,70,1358,234,1525
202,70,1358,234,1525
203,70,1358,234,1525
204,70,1359,234,1525
205,70,1360,234,1525
206,70,1360,234,1525
207,70,1360,234,1525
208,70,1361,233,1525
209,70,1361,233,1525
210,54,1361,233,1525
211,49,1361,233,1525
212,46,1361,233,1525
213,46,1361,233,1525
214,46,1361,233,1525
215,45,1361,233,1525
216,44,1361,233,1525
217,43,1361,233,1525
218,42,1361,233,1525
219,41,1361,233,1525
220,40,1361,233,1525
221,39,1361,233,1525
222,38,1361,233,1525
223,38,1361,233,1525
224,38,1361,233,1525
225,38,1361,233,1525
226,38,1361,233,1525
227,38,1361,233,1525
228,38,1361,233,1525
229,38,1361,233,1525
230,38,1361,231,1525
231,38,1361,231,1525
232,38,1361,231,1525
233,38,1359,231,1525
234,38,1353,229,1525
235,38,1351,229,1525
236,38,1348,229,1525
237,38,1346,229,1525
238,38,1345,229,1525
239,38,1341,228,1525
240,40,1341,228,1525
241,42,1339,228,1525
242,43,1338,228,1525
243,45,1338,226,1524
244,47,1338,226,1524
245,47,1338,226,1524
246,52,1338,226,1524
247,64,1338,226,1524
248,67,1338,225,1524
249,68,1338,225,1517
250,85,1338,225,1506
251,87,1338,226,1498
252,88,1337,232,1490
253,89,1337,242,1482
254,93,1337,253,1465
255,95,1336,253,1463
256,99,1319,259,1463
257,102,1308,263,1463
258,105,1296,268,1463
259,110,1289,271,1463
260,114,1283,275,1463
261,119,1280,277,1463
262,124,1274,280,1462
263,131,1272,282,1461
264,136,1270,283,1456
265,142,1270,282,1407
266,147,1268,283,1402
267,152,1269,282,1398
268,155,1269,282,1392
269,160,1269,282,1387
270,162,1266,283,1381
271,163,1254,282,1378
272,164,1231,282,1372
273,167,1212,286,1367
274,167,1194,287,1356
275,171,1183,290,1350
276,174,1175,293,1346
277,177,1174,297,1331
278,182,1167,303,1324
279,186,1163,305,1316
280,188,1160,305,1308
281,190,1160,305,1302
282,191,1160,305,1296
283,191,1160,306,1293
284,194,1160,306,1282
285,194,1160,306,1276
286,194,1160,306,1271
287,195,1155,308,1266
288,196,1140,313,1258
289,197,1119,318,1251
290,198,1097,316,1244
291,198,1081,316,1234
292,200,1070,319,1226
293,202,1065,323,1221
294,205,1065,324,1214
295,205,1057,326,1203
296,207,1056,330,1196
297,208,1055,330,1187
298,209,1055,329,1180
299,210,1054,329,1172
300,211,1054,328,1164
301,212,1053,328,1158
302,212,1042,328,1150
303,212,1016,328,1142
304,212,990,326,1138
305,214,970,326,1127
306,214,951,326,1120
307,214,943,325,1109
308,216,937,325,1107
309,216,933,326,1096
310,215,929,326,1089
311,215,928,325,1085
312,213,929,327,1079
313,212,929,324,1075
314,211,928,320,1062
315,210,928,320,1052
316,209,926,328,1042
317,209,916,334,1036
318,209,906,335,1013
319,209,880,333,1008
320,209,857,328,1008
321,207,840,320,1008
322,208,830,318,984
323,208,827,318,978
324,208,822,317,977
325,208,819,316,977
326,207,819,316,967
327,205,818,315,954
328,202,818,315,936
329,201,819,315,918
330,198,815,315,899
331,197,803,315,876
332,196,792,315,871
333,196,760,315,870
334,194,743,314,870
335,193,727,314,870
336,191,710,314,870
337,190,703,314,869
338,188,695,315,866
339,185,686,314,861
340,182,681,312,849
341,180,673,308,833
342,179,668,306,815
343,177,664,304,798
344,174,659,301,776
345,172,654,297,752
346,170,650,294,750
347,169,644,290,747
348,168,624,283,747
349,167,606,282,748
350,166,592,282,748
351,165,589,282,748
352,164,584,282,748
353,163,582,281,745
354,161,581,279,740
355,157,569,276,727
356,156,551,273,713
357,154,532,271,696
358,152,511,271,672
359,151,510,271,650
360,149,507,271,631
361,151,504,271,631
362,150,500,271,631
363,147,488,271,631
364,146,475,271,631
365,143,466,270,630
366,142,433,270,630
367,138,411,270,630
368,137,404,268,625
369,132,398,267,615
370,127,404,260,598
371,125,397,256,581
372,123,387,252,563
373,121,378,250,541
374,119,368,245,515
375,118,359,240,510
376,112,350,232,509
377,110,343,228,507
378,104,334,229,504
379,97,330,248,498
380,90,325,249,488
381,87,318,260,474
382,85,313,260,458
383,86,303,261,443
384,91,267,256,426
385,96,250,249,418
386,100,233,246,417
387,103,219,248,418
388,104,206,251,418
389,105,199,258,417
390,105,196,267,417
391,105,195,278,416
392,105,202,289,409
393,105,209,290,399
394,106,212,288,384
395,106,202,285,368
396,105,195,277,350
397,104,187,267,331
398,103,180,263,329
399,104,174,265,328
400,104,167,253,327
401,103,160,252,326
402,103,155,248,326
403,103,149,246,324
404,103,142,246,322
405,105,136,241,313
406,104,129,240,302
407,103,125,240,292
408,101,116,239,276
409,98,110,240,256
410,95,105,240,244
411,92,99,240,233
412,90,94,240,233
413,89,90,240,232
414,85,86,240,232
415,81,82,239,231
416,78,79,237,230
417,71,76,237,229
418,65,73,236,226
419,57,68,233,219
420,50,63,233,207
421,43,59,226,200
422,36,52,217,182
423,30,44,207,168
424,26,40,196,156
425,23,38,183,153
426,20,28,172,152
427,17,24,171,153
428,15,22,169,153
429,13,19,168,152
430,9,16,168,152
431,6,14,169,152
432,3,12,169,151
433,-1,6,170,148
434,-3,-1,171,148
435,-3,-1,171,145
436,-4,-7,169,143
437,-4,-7,166,134
438,-4,-7,162,121
439,-4,-7,157,107
440,-4,-7,153,94
441,-4,-7,151,93
442,-4,-7,151,93
443,-4,-7,151,93
444,-4,-7,151,93
445,-4,-7,151,93
446,-4,-7,153,93
447,-4,-7,154,92
448,-4,-7,154,92
449,-4,-7,154,92
450,-4,-7,154,92
451,23,-7,154,88
452,25,-7,154,85
453,42,-7,154,82
454,55,-7,154,80
455,64,-7,153,72
456,73,-7,153,65
457,78,-7,153,58
458,91,-7,153,49
459,99,-7,162,42
460,102,-7,173,34
461,121,-7,185,27
462,120,-7,197,18
463,120,-7,207,15
464,119,-7,214,15
465,119,-7,221,10
466,119,-7,223,10
467,119,-7,224,10
468,119,-7,224,10
469,119,-7,224,10
470,119,-7,226,10
471,119,-7,226,11
472,127,-7,230,8
473,0,0,0,0
474,0,0,0,0
475,0,0,0,0
476,0,0,0,0
477,0,0,0,0
478,0,0,0,0
479,0,0,0,0
480,0,0,0,0
481,0,0,0,0
482,0,0,0,0
483,0,0,0,0
484,0,0,0,0
485,0,0,0,0
486,0,0,0,0
487,0,0,0,0
488,0,0,0,0
489,0,0,0,0
490,0,0,0,0
491,0,0,0,0
492,0,0,0,0
493,0,0,0,0
494,0,0,0,0
495,0,0,0,0
496,0,0,0,0
497,0,0,0,0
498,0,0,0,0
499,0,0,0,0
500,0,0,0,0
501,0,0,0,0
502,0,0,0,0
503,0,0,0,0
504,0,0,0,0
505,0,0,0,0
506,218,-4,249,10
507,218,-4,249,14
508,218,-4,249,18
509,221,-4,248,21
510,222,-4,248,20
511,222,-4,248,21
512,222,-4,248,22
513,222,-4,248,22
514,222,-4,249,22
515,222,-4,249,22
516,222,-4,249,22
517,222,-4,249,22
518,222,-4,249,22
519,222,-4,249,22
520,222,-4,249,22
521,222,-4,249,22
522,222,-4,249,22
523,222,-4,249,22
524,222,-4,249,22
525,222,-4,249,22
526,222,-4,249,22
527,222,-4,249,22
528,222,-4,249,22
529,222,-4,249,22
530,222,-4,249,22
531,224,-4,251,22
532,224,-4,251,22
533,224,-4,251,22
534,224,-4,251,22
535,224,-4,251,23
536,224,-4,251,23
537,224,-4,251,23
538,224,-4,251,23
539,224,-4,251,23
540,224,-4,251,23
541,224,-4,251,23
542,224,-4,251,23
543,224,-4,251,23
544,224,-4,251,23
545,224,-4,251,23
546,224,-4,251,23
547,224,-4,251,23
548,224,-4,251,23
549,224,-4,251,23
550,232,-4,257,19
551,235,-4,263,15
552,240,-4,268,12
553,242,-4,269,10
554,244,-4,269,9
555,244,-4,269,9
556,244,-4,269,9
557,244,-4,269,9
558,244,-4,269,9
559,244,-4,269,9
560,244,-4,269,9
561,244,-4,269,9
562,244,-4,269,9
563,244,-4,269,9
564,244,-4,269,9
565,244,-4,269,9
566,244,-4,269,9
567,244,-4,269,9
568,244,-4,269,9
569,244,-4,269,9
570,244,-4,269,9
571,244,-4,269,9
572,244,-4,269,9
573,244,-4,269,9
574,244,-4,269,9
575,244,-4,269,9
576,244,-4,269,9
577,244,-4,269,9
578,244,-4,269,9
579,244,-4,269,9
580,244,-4,269,9
581,244,-4,269,9
582,244,-4,269,9
583,244,-4,269,9
584,244,-4,269,9
585,244,-4,269,9
586,244,-4,269,9
587,244,-4,269,9
588,244,-4,269,10
589,244,-4,269,10
590,244,-4,269,10
591,244,-4,269,10
592,244,-4,269,10
593,244,-4,269,10
594,244,-4,269,10
595,244,-4,269,10
596,244,-4,269,10
597,244,-4,269,10
598,244,-4,269,10
599,243,-4,269,10
600,243,-4,269,12
601,243,-4,269,12
602,243,-4,269,12
603,243,-4,269,12
604,243,-4,269,12
605,243,-4,269,12
606,243,-3,269,12
607,243,-3,269,11
608,243,-3,269,11
609,243,-3,269,11
610,243,-3,269,11
611,243,-3,269,11
612,243,-3,269,11
613,243,-3,269,11
614,243,-3,269,11
615,243,-3,269,11
616,243,-3,269,11
617,243,-3,269,11
618,243,-3,269,11
619,243,-3,269,11
620,243,-3,269,11
621,243,-3,269,11
622,243,-3,269,11
623,243,-3,269,11
624,243,-3,269,11
625,243,-3,271,13
626,246,-3,274,16
627,247,-3,275,18
628,247,-3,276,19
629,249,-3,277,19
630,249,-3,277,19
631,249,-3,277,19
632,249,-3,277,19
633,249,-3,277,19
634,249,-3,277,19
635,249,-3,277,19
636,249,-3,277,19
637,249,-3,277,19
638,249,-3,277,19
639,249,-3,277,19
640,249,-3,277,19
641,247,-3,272,20
642,238,-3,266,22
643,232,-3,258,25
644,226,-3,250,29
645,219,-3,246,31
646,212,-3,240,35
647,206,-3,233,38
648,201,-3,229,41
649,197,-3,225,44
650,194,-3,222,46
651,192,-3,221,49
652,192,-3,221,52
653,188,-3,221,53
654,181,-3,221,53
655,178,-3,221,55
656,176,-3,221,56
657,176,-3,221,56
658,174,-3,221,56
659,172,-3,221,56
660,170,-3,221,56
661,168,-3,221,56
662,168,-3,291,56
663,166,-3,286,56
664,166,-3,283,56
665,164,-3,282,56
666,164,-3,281,57
667,163,-3,281,57
668,163,-3,281,57
669,163,-3,281,57
670,163,-3,282,57
671,163,-3,284,57
672,163,-3,287,57
673,163,-3,290,57
674,163,-3,294,57
675,163,-3,297,57
676,165,-3,299,57
677,168,-3,302,57
678,170,-3,304,57
679,170,-3,308,57
680,170,-3,311,57
681,170,-3,311,57
682,170,-3,311,57
683,171,-3,313,57
684,177,-3,313,57
685,181,-3,314,57
686,182,-3,314,57
687,190,-3,314,55
688,193,-3,313,52
689,195,-3,313,50
690,199,-3,313,46
691,205,-3,313,44
692,211,-3,313,41
693,218,-3,313,39
694,222,-3,313,34
695,232,-3,313,28
696,240,-3,313,26
697,248,-3,313,22
698,251,-3,313,22
699,257,-3,313,21
700,258,-3,313,20
701,258,-3,313,20
702,258,-3,313,20
703,258,-3,313,21
704,258,-3,313,21
705,258,-3,313,21
706,258,-3,313,21
707,258,-3,313,21
708,258,-3,313,21
709,258,-3,313,21
710,258,-3,313,21
711,257,-3,313,21
712,257,-3,313,21
713,257,-3,313,21
714,257,-3,313,21
715,257,-3,313,21
716,257,-3,313,21
717,257,-3,313,21
718,258,-3,313,21
719,258,-3,313,21
720,258,-3,313,22
721,258,-3,313,22
722,258,-3,313,22
723,258,-3,313,22
724,258,-3,313,22
725,258,-3,313,22
726,258,-3,313,22
727,258,-3,313,22
728,258,-3,313,22
729,258,-3,313,22
730,258,-3,313,23
731,258,-3,313,23
732,261,-3,313,26
733,264,-3,313,28
734,264,-3,313,28
735,264,-3,313,28
736,264,-3,313,28
737,264,-3,313,28
738,264,-3,313,28
739,264,-3,313,28
740,264,-3,313,28
741,264,-3,313,28
742,264,-3,313,28
743,264,-3,313,28
744,264,-3,313,27
745,264,-3,313,27
746,264,-3,313,27
747,264,-3,313,27
748,264,-3,313,27
749,264,-3,313,27
750,264,-3,313,27
751,264,-3,313,27
752,264,-3,313,27
753,264,-3,313,27
754,264,-3,313,27
755,264,-3,313,27
756,264,-3,313,27
757,264,-3,313,27
758,264,-3,313,27
759,264,-3,313,27
760,264,-3,313,27
761,264,-3,313,27
762,264,-3,313,27
763,264,-3,313,27
764,264,-3,313,27
765,264,-3,313,27
766,264,-3,313,27
767,264,-3,313,27
768,264,-3,313,27
769,264,-3,313,27
770,264,-3,313,27
771,264,-3,313,27
772,264,-3,313,27
773,264,-3,313,27
774,264,-3,313,27
775,264,-3,313,27
776,264,-3,313,27
777,264,-3,313,27
778,264,-3,313,27
779,264,-3,313,27
780,263,-3,313,33
781,261,-3,313,37
782,259,-3,313,38
783,260,-3,313,39
784,261,-3,313,39
785,261,-3,313,41
786,261,-3,313,42
787,261,-3,313,42
788,261,-3,313,41
789,261,-3,313,42
790,261,-3,313,42
791,261,-3,313,42
792,261,-3,313,42
793,261,-3,312,43
794,261,-3,309,43
795,261,-3,306,43
796,261,-3,304,43
797,187,-3,303,54
798,186,-3,299,65
799,182,-3,297,76
800,181,-3,297,89
801,178,-3,296,96
802,176,-3,297,108
803,176,-3,298,111
804,176,-3,298,112
805,178,-3,298,124
806,178,4,298,134
807,179,4,298,148
808,178,25,298,153
809,174,33,298,155
810,165,42,300,155
811,159,50,297,166
812,155,59,299,195
813,151,73,297,213
814,149,86,297,226
815,148,98,300,234
816,149,110,309,238
817,175,123,321,242
818,165,137,325,264
819,154,150,335,299
820,152,160,337,322
821,155,169,340,331
822,157,178,345,328
823,157,184,346,327
824,155,190,345,328
825,158,196,338,328
826,158,201,325,326
827,158,198,327,348
828,156,185,325,380
829,155,181,324,391
830,162,202,326,407
831,166,248,324,418
832,167,288,320,429
833,196,304,315,441
834,202,317,317,461
835,204,331,321,477
836,208,349,326,488
837,213,362,331,496
838,217,379,332,499
839,226,393,333,494
840,234,417,339,515
841,236,434,341,534
842,237,444,345,552
843,237,445,347,567
844,239,447,364,597
845,241,450,373,626
846,244,464,378,642
847,247,476,383,645
848,251,495,383,646
849,256,525,383,668
850,261,556,395,702
851,261,597,399,735
852,261,597,402,759
853,261,600,398,779
854,259,611,390,791
855,259,625,381,810
856,259,644,378,826
857,260,671,376,830
858,258,707,374,840
859,256,707,375,856
860,251,771,376,876
861,245,778,376,904
862,241,781,375,931
863,237,791,375,965
864,233,807,370,997
865,232,824,368,1015
866,229,845,368,1029
867,224,870,365,1034
868,221,901,364,1036
869,219,933,361,1063
870,219,967,357,1091
871,215,984,346,1117
872,212,988,332,1141
873,207,995,328,1156
874,204,1006,325,1169
875,201,1022,317,1186
876,199,1038,303,1199
877,197,1060,297,1212
878,193,1084,296,1224
879,191,1112,296,1235
880,184,1135,296,1248
881,179,1148,296,1252
882,174,1150,294,1265
883,168,1155,294,1278
884,164,1162,292,1288
885,157,1170,290,1298
886,151,1181,287,1308
887,148,1189,286,1315
888,144,1199,287,1326
889,143,1210,285,1334
890,141,1224,276,1340
891,141,1238,273,1346
892,139,1240,268,1352
893,137,1244,265,1357
894,136,1246,265,1361
895,136,1248,265,1364
896,135,1250,265,1367
897,135,1251,264,1369
898,135,1251,264,1369
899,135,1240,264,1369
900,134,1231,264,1369
901,134,1229,264,1369
902,135,1223,265,1368
903,136,1220,272,1367
904,138,1219,291,1365
905,144,1217,306,1364
906,149,1217,309,1363
907,152,1205,310,1360
908,153,1204,310,1362
909,153,1204,310,1363
910,157,1209,310,1363
911,166,1214,321,1377
912,183,1218,346,1381
913,197,1217,365,1383
914,205,1213,377,1383
915,207,1206,379,1359
916,206,1205,379,1357
917,205,1205,381,1356
918,207,1205,383,1355
919,207,1204,383,1357
920,207,1204,383,1362
921,206,1204,383,1368
922,205,1206,383,1374
923,205,1215,382,1382
924,204,1223,371,1398
925,201,1232,348,1406
926,199,1242,323,1412
927,197,1252,314,1415
928,199,1264,307,1419
929,210,1264,309,1419
930,219,1264,306,1428
931,223,1264,306,1482
932,228,1264,320,1495
933,231,1264,337,1503
934,236,1264,338,1504
935,239,1276,336,1505
936,249,1299,349,1506
937,256,1329,353,1509
938,270,1359,356,1510
939,275,1391,370,1511
940,275,1397,383,1515
941,275,1408,401,1543
942,280,1420,417,1559
943,282,1443,425,1567
944,298,1452,425,1567
945,322,1455,423,1588
946,328,1474,424,1605
947,334,1483,425,1622
948,339,1491,434,1625
949,345,1500,447,1625
950,352,1508,460,1626
951,359,1516,477,1635
952,365,1525,493,1652
953,373,1532,493,1657
954,380,1539,497,1684
955,385,1544,503,1698
956,391,1550,496,1709
957,395,1550,496,1713
958,398,1547,495,1713
959,397,1544,491,1712
960,397,1544,491,1712
961,396,1535,491,1712
962,395,1531,491,1706
963,394,1529,490,1704
964,395,1532,491,1701
965,396,1544,494,1701
966,401,1561,495,1701
967,403,1560,499,1708
968,406,1572,502,1715
969,403,1555,507,1729
970,406,1556,513,1740
971,417,1573,519,1752
972,430,1595,539,1762
973,439,1605,545,1761
974,447,1608,548,1769
975,449,1619,547,1768
976,451,1631,550,1766
977,454,1641,556,1762
978,453,1655,556,1764
979,453,1660,578,1766
980,454,1664,567,1769
981,456,1669,564,1772
982,453,1675,569,1776
983,452,1681,574,1783
984,443,1688,578,1788
985,435,1688,592,1812
986,435,1688,592,1812
987,426,1684,592,1812
988,420,1678,592,1812
989,419,1674,592,1812
990,418,1660,592,1811
991,421,1657,591,1811
992,421,1645,591,1811
993,417,1646,587,1812
994,414,1644,579,1796
995,405,1641,565,1780
996,402,1640,554,1767
997,398,1642,549,1763
998,394,1638,542,1762
999,392,1639,540,1760
1000,391,1640,538,1758
1001,391,1641,538,1758
1002,392,1644,538,1756
1003,389,1644,537,1755
1004,386,1637,537,1754
1005,381,1634,537,1754
1006,377,1630,537,1754
1007,375,1620,529,1751
1008,372,1616,518,1738
1009,339,1610,506,1729
1010,324,1604,494,1715
1011,327,1599,478,1700
1012,323,1598,464,1694
1013,312,1595,452,1692
1014,309,1595,451,1691
1015,305,1592,447,1692
1016,303,1590,446,1692
1017,306,1587,446,1692
1018,309,1584,446,1692
1019,300,1584,439,1693
1020,291,1580,435,1693
1021,283,1577,431,1693
1022,279,1577,432,1693
1023,278,1576,431,1692
1024,277,1576,430,1691
1025,276,1576,430,1691
1026,275,1576,430,1691
1027,273,1576,430,1691
1028,272,1576,429,1691
1029,271,1576,429,1691
1030,268,1577,429,1691
1031,267,1579,429,1691
1032,264,1582,429,1691
1033,261,1582,429,1691
1034,261,1582,429,1691
1035,259,1582,429,1691
1036,258,1583,429,1691
1037,257,1584,429,1691
1038,257,1584,429,1691
1039,257,1584,429,1691
1040,257,1584,429,1691
1041,256,1584,429,1691
1042,255,1584,429,1691
1043,255,1584,429,1691
1044,255,1584,429,1691
1045,254,1584,429,1691
1046,254,1584,429,1691
1047,254,1584,428,1691
1048,254,1586,426,1694
1049,255,1587,427,1701
1050,260,1588,432,1706
1051,261,1590,435,1713
1052,261,1592,441,1719
1053,264,1593,447,1725
1054,268,1593,452,1729
1055,273,1597,458,1733
1056,278,1600,463,1736
1057,286,1603,465,1736
1058,294,1605,467,1737
1059,298,1609,465,1746
1060,306,1614,467,1751
1061,316,1616,467,1758
1062,321,1619,466,1770
1063,329,1620,467,1773
1064,333,1620,468,1773
1065,337,1620,468,1773
1066,340,1626,468,1773
1067,343,1626,467,1774
1068,348,1629,468,1786
1069,348,1633,467,1787
1070,347,1633,467,1787
1071,347,1633,468,1788
1072,347,1633,468,1788
1073,347,1636,468,1788
1074,347,1639,468,1788
1075,347,1641,468,1788
1076,347,1640,468,1788
1077,347,1639,468,1788
1078,347,1638,468,1788
1079,347,1638,468,1785
1080,347,1638,468,1785
1081,347,1638,468,1785
1082,346,1638,468,1785
1083,345,1638,468,1785
1084,345,1638,468,1785
1085,345,1638,468,1785
1086,345,1638,470,1785
1087,345,1638,471,1785
1088,345,1638,471,1785
1089,345,1638,471,1785
1090,345,1638,471,1785
1091,345,1640,471,1785
1092,345,1640,471,1785
1093,345,1640,471,1785
1094,345,1640,471,1785
1095,345,1640,472,1785
1096,345,1640,472,1785
1097,345,1640,472,1785
1098,345,1640,472,1785
1099,347,1640,472,1785
1100,347,1640,472,1785
1101,349,1640,472,1785
1102,350,1640,472,1787
1103,350,1640,473,1787
1104,351,1640,473,1787
1105,352,1640,473,1787
1106,353,1640,473,1787
1107,353,1640,472,1787
1108,353,1640,472,1787
1109,353,1640,472,1783
1110,353,1640,472,1777
1111,353,1640,472,1775
1112,353,1640,472,1775
1113,369,1633,472,1754
1114,379,1634,472,1751
1115,379,1634,472,1750
1116,378,1634,474,1750
1117,375,1634,475,1750
1118,379,1634,475,1750
1119,379,1636,475,1750
1120,379,1636,475,1750
1121,378,1636,475,1750
1122,378,1636,475,1750
1123,378,1636,475,1750
1124,378,1636,476,1750
1125,378,1636,481,1750
1126,378,1636,485,1750
1127,378,1636,485,1750
1128,378,1636,486,1750
1129,378,1636,486,1763
1130,378,1636,486,1764
1131,376,1636,486,1766
1132,377,1640,481,1767
1133,373,1648,479,1765
1134,370,1651,473,1765
1135,369,1652,472,1765
1136,367,1653,471,1765
1137,364,1655,470,1765
1138,361,1657,470,1765
1139,359,1659,470,1767
1140,356,1662,470,1767
1141,354,1665,470,1767
1142,352,1665,471,1767
1143,350,1665,471,1767
1144,349,1665,471,1767
1145,348,1666,471,1767
1146,348,1666,471,1767
1147,344,1667,471,1767
1148,344,1667,467,1767
1149,344,1667,463,1768
1150,341,1667,462,1769
1151,341,1667,462,1769
1152,339,1667,462,1769
1153,339,1667,462,1769
1154,339,1668,462,1769
1155,339,1668,462,1812
1156,339,1668,462,1812
1157,338,1668,462,1812
1158,337,1667,462,1812
1159,337,1667,462,1812
1160,337,1667,462,1812
1161,335,1668,462,1810
1162,333,1668,462,1807
1163,333,1667,462,1805
1164,333,1667,462,1804
1165,325,1667,462,1801
1166,322,1667,461,1793
1167,317,1668,461,1786
1168,317,1668,465,1775
1169,312,1668,474,1767
1170,310,1669,476,1766
1171,308,1670,478,1766
1172,307,1670,482,1766
1173,308,1670,482,1766
1174,308,1670,483,1766
1175,308,1670,483,1766
1176,308,1670,483,1766
1177,315,1670,475,1766
1178,321,1670,469,1766
1179,323,1670,467,1766
1180,324,1670,466,1766
1181,328,1670,466,1766
1182,330,1670,466,1766
1183,333,1670,466,1766
1184,334,1670,466,1767
1185,338,1664,466,1775
1186,339,1662,466,1776
1187,340,1662,466,1776
1188,340,1662,464,1778
1189,340,1662,464,1780
1190,340,1661,464,1781
1191,340,1661,463,1781
1192,340,1661,462,1783
1193,340,1661,462,1785
1194,340,1661,463,1785
1195,340,1661,464,1785
1196,340,1661,465,1785
1197,340,1661,466,1785
1198,340,1661,466,1785
1199,340,1661,467,1786
1200,340,1661,467,1786
1201,340,1661,467,1786
1202,340,1661,467,1789
1203,340,1661,467,1793
1204,340,1661,467,1799
1205,340,1661,468,1800
1206,346,1661,469,1800
1207,348,1661,470,1805
1208,348,1659,470,1807
1209,351,1658,472,1813
1210,354,1657,472,1813
1211,355,1657,472,1813
1212,355,1657,473,1814
1213,355,1654,475,1814
1214,358,1651,475,1809
1215,363,1651,473,1806
1216,364,1650,473,1804
1217,364,1649,473,1801
1218,366,1647,479,1781
1219,366,1647,480,1774
1220,366,1647,481,1767
1221,366,1647,481,1766
1222,367,1647,479,1766
1223,369,1647,476,1766
1224,371,1643,474,1767
1225,374,1640,475,1766
1226,377,1638,476,1766
1227,377,1636,477,1766
1228,377,1634,479,1763
1229,377,1635,477,1763
1230,378,1635,477,1763
1231,378,1635,477,1761
1232,378,1635,490,1761
1233,380,1635,490,1761
1234,380,1632,492,1756
1235,385,1632,513,1748
1236,389,1632,515,1743
1237,389,1632,516,1739
1238,389,1631,517,1737
1239,392,1630,515,1733
1240,392,1630,512,1732
1241,394,1629,512,1732
1242,396,1628,511,1732
1243,403,1627,511,1731
1244,410,1626,510,1730
1245,411,1627,510,1730
1246,412,1624,510,1729
1247,413,1622,511,1724
1248,413,1615,510,1724
1249,415,1613,511,1724
1250,415,1608,511,1724
1251,415,1606,511,1724
1252,415,1585,510,1723
1253,414,1583,510,1723
1254,408,1583,510,1723
1255,404,1582,512,1723
1256,407,1578,511,1723
1257,405,1575,511,1722
1258,404,1572,510,1721
1259,400,1563,510,1719
1260,396,1560,511,1717
1261,393,1554,509,1711
1262,392,1550,509,1702
1263,391,1542,507,1688
1264,384,1534,503,1679
1265,379,1533,501,1666
1266,378,1527,497,1653
1267,375,1523,488,1638
1268,373,1517,484,1632
1269,370,1510,481,1634
1270,370,1505,475,1632
1271,367,1499,473,1632
1272,363,1491,475,1632
1273,362,1485,475,1632
1274,361,1478,468,1632
1275,361,1470,464,1632
1276,360,1428,464,1628
1277,355,1427,463,1619
1278,353,1428,459,1613
1279,345,1427,453,1601
1280,343,1427,447,1588
1281,340,1427,437,1576
1282,339,1427,430,1559
1283,332,1427,430,1542
1284,331,1418,430,1538
1285,329,1401,429,1536
1286,324,1383,429,1536
1287,320,1372,428,1535
1288,313,1362,428,1535
1289,311,1357,428,1535
1290,309,1349,428,1535
1291,302,1346,427,1529
1292,300,1345,425,1524
1293,294,1343,416,1510
1294,285,1342,404,1499
1295,274,1342,398,1485
1296,267,1342,389,1473
1297,260,1342,380,1464
1298,253,1335,359,1458
1299,247,1313,354,1458
1300,244,1293,354,1458
1301,237,1278,354,1456
1302,233,1270,354,1455
1303,227,1262,354,1455
1304,222,1255,354,1453
1305,217,1251,353,1451
1306,215,1247,347,1411
1307,211,1246,339,1405
1308,205,1245,330,1398
1309,200,1245,322,1391
1310,193,1245,310,1385
1311,187,1245,301,1380
1312,179,1244,297,1372
1313,172,1232,296,1369
1314,165,1220,296,1361
1315,160,1208,297,1357
1316,154,1199,297,1352
1317,147,1191,297,1347
1318,140,1187,297,1343
1319,133,1179,297,1338
1320,123,1176,295,1335
1321,115,1174,292,1332
1322,107,1176,285,1329
1323,99,1175,278,1327
1324,95,1174,265,1324
1325,88,1174,251,1322
1326,81,1173,236,1321
1327,77,1173,224,1319
1328,72,1177,206,1318
1329,68,1175,198,1316
1330,64,1166,197,1313
1331,59,1158,197,1309
1332,54,1154,198,1307
1333,50,1150,197,1300
1334,43,1148,197,1294
1335,39,1147,197,1290
1336,31,1143,197,1284
1337,21,1139,197,1280
1338,17,1137,195,1276
1339,17,1137,189,1276
1340,17,1137,189,1276
1341,-2,1135,176,1273
1342,-2,1135,165,1272
1343,-2,1134,154,1272
1344,-2,1134,141,1272
1345,-2,1134,129,1272
1346,-2,1134,123,1272
1347,-2,1134,121,1272
1348,-2,1134,121,1272
1349,-2,1134,121,1272
1350,-2,1134,121,1272
1351,-2,1134,121,1272
1352,-2,1134,121,1272
1353,-2,1134,121,1272
1354,-2,1134,121,1271
1355,-2,1134,121,1271
1356,-2,1134,121,1271
1357,-2,1134,121,1271
1358,-2,1134,121,1271
1359,-2,1134,121,1271
1360,-2,1134,121,1271
1361,-2,1134,121,1271
1362,-2,1134,121,1271
1363,-2,1134,121,1271
1364,-2,1134,121,1271
1365,-2,1134,121,1271
1366,-2,1134,121,1271
1367,-2,1134,121,1271
1368,-2,1134,121,1271
1369,-3,1134,121,1271
1370,-3,1134,121,1271
1371,-3,1134,121,1271
1372,-3,1134,121,1271
1373,-3,1134,121,1271
1374,-3,1134,121,1271
1375,-3,1134,121,1271
1376,-3,1134,121,1272
1377,-3,1134,121,1272
1378,-3,1134,121,1272
1379,-3,1134,121,1272
1380,-3,1134,121,1272
1381,-3,1134,121,1272
1382,-3,1134,121,1272
1383,-3,1134,121,1272
1384,-3,1134,121,1272
1385,-3,1134,121,1272
1386,-3,1134,121,1272
1387,-3,1134,121,1272
1388,-3,1134,121,1268
1389,-3,1134,121,1266
1390,-3,1134,121,1265
1391,-3,1134,121,1264
1392,-3,1134,121,1263
1393,-3,1134,121,1262
1394,-3,1134,121,1258
1395,-3,1134,123,1257
1396,-3,1133,128,1257
1397,-3,1132,130,1251
1398,-3,1128,127,1247
1399,-3,1116,123,1238
1400,-3,1109,121,1230
1401,-3,1099,119,1221
1402,-3,1092,115,1215
1403,-3,1083,113,1214
1404,-3,1075,110,1209
1405,-3,1069,108,1208
1406,-3,1065,109,1204
1407,-3,1061,109,1198
1408,-3,1059,108,1195
1409,-3,1058,109,1192
1410,-3,1058,109,1187
1411,-3,1058,109,1184
1412,-3,1058,109,1181
1413,-3,1058,109,1181
1414,-3,1058,109,1179
1415,-3,1058,109,1174
1416,-3,1058,109,1163
1417,-3,1058,108,1157
1418,-3,1058,108,1156
1419,-3,1058,108,1155
1420,-3,1058,108,1156
1421,-3,1058,108,1157
1422,-3,1058,108,1156
1423,-3,1058,108,1156
1424,-3,1058,108,1155
1425,-3,1058,108,1154
1426,-3,1058,108,1154
1427,-3,1058,108,1154
1428,-3,1058,108,1154
1429,-3,1058,108,1154
1430,-3,1058,108,1154
1431,-3,1058,108,1154
1432,-3,1058,108,1154
1433,-3,1058,108,1154
1434,-3,1058,108,1152
1435,-3,1058,108,1150
1436,-3,1058,108,1150
1437,-3,1058,108,1150
1438,-3,1058,108,1151
1439,-3,1058,108,1151
1440,-3,1058,108,1151
1441,-3,1058,108,1152
1442,-3,1058,108,1152
1443,-3,1058,108,1152
1444,-3,1058,108,1152
1445,-3,1058,108,1152
1446,-3,1058,108,1151
1447,-3,1058,108,1150
1448,-3,1058,108,1149
1449,-3,1058,108,1149
1450,-3,1058,108,1149
1451,-3,1058,108,1149
1452,-3,1058,108,1149
1453,-3,1058,108,1150
1454,-3,1058,108,1150
1455,-3,1058,108,1150
1456,-3,1058,108,1153
1457,-3,1058,108,1155
1458,-3,1058,108,1157
1459,-3,1058,108,1157
1460,-3,1058,108,1157
1461,-3,1058,108,1160
1462,-3,1058,108,1168
1463,-3,1058,108,1173
1464,-3,1058,108,1176
1465,-3,1058,108,1175
1466,-3,1058,108,1176
1467,-3,1058,108,1176
1468,-3,1058,108,1177
1469,-3,1058,108,1209
1470,-3,1058,108,1217
1471,-3,1061,108,1215
1472,-3,1067,108,1227
1473,-3,1076,104,1232
1474,-3,1083,102,1242
1475,-3,1093,100,1237
1476,-3,1099,101,1235
1477,-3,1104,102,1237
1478,-3,1104,102,1235
1479,-3,1103,102,1235
1480,-3,1101,102,1235
1481,-3,1100,102,1235
1482,-3,1098,102,1239
1483,-3,1094,101,1239
1484,-3,1090,103,1234
1485,-3,1084,105,1230
1486,-3,1081,106,1227
1487,-3,1076,106,1224
1488,-3,1071,106,1220
1489,-3,1067,105,1221
1490,-3,1067,105,1220
1491,-3,1060,104,1220
1492,-3,1059,103,1215
1493,-3,1059,103,1204
1494,-3,1059,103,1199
1495,-3,1058,103,1194
1496,-3,1058,103,1191
1497,-3,1058,103,1190
1498,-3,1058,103,1190
1499,-3,1058,103,1189
1500,-3,1058,103,1186
1501,-3,1058,103,1177
1502,-3,1058,103,1173
1503,-3,1058,103,1170
1504,-3,1050,103,1169
1505,-3,1040,103,1169
1506,-3,1030,103,1166
1507,-3,1022,103,1163
1508,-3,1015,103,1166
1509,-3,1011,103,1164
1510,-3,1009,103,1157
1511,-3,1006,103,1155
1512,-3,1006,103,1155
1513,-3,1005,103,1151
1514,-3,1005,103,1150
1515,-3,1004,103,1147
1516,-3,1004,103,1144
1517,-3,1004,100,1140
1518,-3,1004,100,1138
1519,-3,1004,100,1135
1520,-3,1004,100,1130
1521,-3,1004,100,1128
1522,-3,1004,99,1126
1523,-3,1004,98,1125
1524,-3,1003,98,1117
1525,-3,1000,99,1116
1526,-3,990,99,1115
1527,-3,978,100,1112
1528,-3,969,99,1108
1529,-3,959,100,1107
1530,-3,953,100,1106
1531,-3,950,100,1103
1532,-3,948,100,1101
1533,-3,947,100,1097
1534,-3,947,100,1092
1535,-3,947,100,1089
1536,-3,947,100,1088
1537,-3,947,100,1082
1538,-3,947,100,1078
1539,-3,947,100,1072
1540,-3,947,100,1066
1541,-3,947,100,1053
1542,-3,947,100,1044
1543,-3,947,100,1044
1544,-3,947,100,1045
1545,-3,947,100,1045
1546,-3,947,100,1045
1547,-3,945,100,1045
1548,-3,933,100,1045
1549,-3,930,100,1045
1550,-3,926,100,1045
1551,-3,927,100,1045
1552,-3,927,100,1045
1553,-3,929,100,1045
1554,-3,931,100,1045
1555,-3,938,100,1045
1556,-3,944,100,1045
1557,-3,950,100,1045
1558,-3,950,100,1045
1559,-3,950,100,1045
1560,-3,950,100,1045
1561,-3,950,100,1045
1562,-3,950,100,1045
1563,-3,950,100,1045
1564,-3,950,100,1045
1565,-3,950,100,1045
1566,-3,950,100,1045
1567,-3,950,100,1045
1568,-3,950,100,1045
1569,-3,950,100,1045
1570,-3,950,100,1045
1571,-3,950,100,1045
1572,-3,950,100,1045
1573,-3,950,100,1045
1574,-3,950,100,1045
1575,-3,950,100,1045
1576,-3,950,100,1045
1577,-3,950,100,1045
1578,-3,950,100,1045
1579,-3,950,100,1045
1580,-3,950,100,1045
1581,-3,948,100,1045
1582,-3,946,100,1045
1583,-3,946,100,1045
1584,-3,948,100,1045
1585,-3,949,100,1045
1586,-3,949,100,1045
1587,-3,949,100,1045
1588,-3,949,100,1045
1589,-3,950,100,1045
1590,-3,949,100,1045
1591,-3,949,100,1045
1592,-3,949,100,1045
1593,-3,949,100,1045
1594,-3,949,100,1045
1595,-3,949,100,1045
1596,-3,949,100,1045
1597,-3,949,100,1045
1598,-3,949,100,1045
1599,-3,949,100,1045
1600,-3,949,100,1045
1601,-3,949,100,1045
1602,-3,949,100,1045
1603,-3,949,100,1045
1604,-3,949,100,1045
1605,-3,949,100,1045
1606,-3,949,100,1045
1607,-3,949,100,1045
1608,-3,949,100,1045
1609,-3,949,100,1045
1610,-3,949,100,1045
1611,-3,949,100,1045
1612,-3,949,100,1045
1613,-3,949,100,1045
1614,-3,949,100,1045
1615,-3,949,100,1045
1616,-3,949,100,1045
1617,-3,949,100,1047
1618,-3,949,100,1052
1619,-3,949,100,1055
1620,-3,949,100,1060
1621,-3,949,100,1063
1622,-3,949,100,1066
1623,-3,949,100,1070
1624,-3,949,100,1073
1625,-3,949,100,1082
1626,-3,950,99,1088
1627,-3,950,99,1093
1628,-3,950,99,1099
1629,-3,950,99,1104
1630,-3,954,99,1102
1631,-3,965,99,1107
1632,-3,974,99,1114
1633,-3,987,93,1128
1634,-3,1000,91,1158
1635,-3,1018,91,1163
1636,-3,1021,92,1163
1637,-3,1021,92,1183
1638,-3,1021,92,1188
1639,-5,1022,90,1200
1640,-5,1022,90,1210
1641,-5,1022,96,1222
1642,-5,1027,97,1237
1643,-5,1039,98,1252
1644,-7,1064,98,1264
1645,-7,1090,97,1277
1646,-7,1122,96,1292
1647,-7,1136,100,1308
1648,-7,1136,105,1324
1649,-7,1142,110,1342
1650,-7,1153,115,1357
1651,-3,1170,119,1371
1652,7,1195,122,1386
1653,17,1228,128,1400
1654,31,1257,137,1413
1655,42,1298,147,1436
1656,51,1299,162,1471
1657,59,1299,187,1485
1658,68,1310,209,1516
1659,85,1323,220,1536
1660,90,1337,236,1554
1661,100,1357,240,1565
1662,107,1389,243,1571
1663,115,1421,243,1573
1664,133,1450,245,1574
1665,145,1463,251,1609
1666,153,1475,267,1629
1667,165,1489,296,1653
1668,177,1502,326,1668
1669,188,1517,335,1674
1670,195,1526,337,1678
1671,209,1535,338,1677
1672,215,1543,338,1677
1673,226,1553,338,1677
1674,232,1562,342,1682
1675,240,1568,351,1693
1676,252,1578,359,1703
1677,263,1588,370,1727
1678,273,1601,386,1753
1679,283,1614,403,1786
1680,294,1627,403,1796
1681,303,1637,404,1798
1682,305,1641,405,1798
1683,311,1640,409,1798
1684,320,1641,410,1798
1685,325,1640,416,1798
1686,330,1630,419,1797
1687,326,1627,427,1795
1688,331,1623,427,1791
1689,339,1617,434,1782
1690,347,1613,455,1774
1691,356,1608,460,1753
1692,368,1604,469,1744
1693,372,1603,494,1730
1694,381,1598,512,1717
1695,382,1601,528,1705
1696,382,1600,539,1700
1697,385,1600,545,1696
1698,387,1598,548,1693
1699,395,1595,550,1694
1700,419,1591,550,1694
1701,441,1587,549,1694
1702,445,1585,549,1694
1703,450,1583,550,1694
1704,457,1580,567,1694
1705,460,1568,576,1693
1706,466,1553,575,1693
1707,471,1549,572,1692
1708,475,1543,569,1692
1709,476,1528,569,1692
1710,473,1525,566,1692
1711,471,1511,561,1686
1712,470,1506,558,1684
1713,468,1497,554,1684
1714,468,1499,555,1673
1715,468,1505,555,1673
1716,469,1505,558,1673
1717,472,1512,563,1670
1718,475,1522,567,1670
1719,479,1530,586,1670
1720,480,1527,594,1676
1721,479,1527,597,1677
1722,480,1531,597,1677
1723,479,1533,593,1677
1724,481,1531,590,1680
1725,487,1529,590,1681
1726,492,1529,591,1681
1727,492,1529,591,1681
1728,492,1537,601,1679
1729,489,1537,599,1674
1730,487,1539,595,1670
1731,482,1541,592,1665
1732,480,1539,582,1658
1733,471,1541,580,1657
1734,471,1539,560,1657
1735,471,1543,560,1660
1736,470,1546,561,1662
1737,469,1547,560,1680
1738,468,1544,557,1692
1739,471,1544,558,1694
1740,483,1540,557,1694
1741,484,1537,562,1694
1742,486,1538,568,1694
1743,489,1539,578,1694
1744,491,1537,582,1694
1745,494,1537,606,1694
1746,497,1549,613,1694
1747,500,1546,613,1693
1748,501,1542,613,1693
1749,501,1531,614,1691
1750,497,1525,614,1677
1751,492,1524,614,1657
1752,481,1521,628,1648
1753,478,1520,620,1636
1754,476,1519,623,1635
1755,476,1517,621,1635
1756,476,1517,621,1635
1757,476,1517,621,1635
1758,476,1510,621,1635
1759,476,1504,621,1635
1760,483,1502,619,1632
1761,493,1495,619,1620
1762,495,1490,619,1590
1763,499,1481,619,1586
1764,501,1476,619,1586
1765,501,1476,620,1586
1766,499,1476,622,1586
1767,497,1470,628,1586
1768,497,1467,628,1585
1769,500,1465,627,1586
1770,502,1463,627,1584
1771,507,1463,626,1584
1772,509,1451,626,1576
1773,511,1448,626,1570
1774,512,1443,626,1569
1775,512,1439,626,1569
1776,515,1439,626,1569
1777,519,1436,626,1569
1778,525,1436,626,1569
1779,533,1437,626,1567
1780,541,1435,637,1562
1781,552,1433,643,1560
1782,559,1438,645,1558
1783,568,1438,660,1556
1784,569,1438,662,1563
1785,573,1439,670,1566
1786,578,1438,677,1566
1787,584,1440,694,1568
1788,586,1443,700,1569
1789,586,1444,703,1571
1790,585,1444,704,1571
1791,587,1447,704,1571
1792,589,1451,704,1571
1793,590,1452,706,1572
1794,598,1453,706,1572
1795,609,1453,706,1572
1796,616,1451,706,1572
1797,630,1450,710,1572
1798,643,1451,714,1572
1799,653,1449,721,1572
1800,657,1451,736,1572
1801,658,1452,740,1572
1802,658,1453,768,1572
1803,658,1454,783,1571
1804,658,1456,793,1571
1805,658,1456,795,1571
1806,658,1458,798,1572
1807,659,1461,798,1571
1808,661,1461,797,1571
1809,664,1460,803,1571
1810,672,1459,802,1571
1811,683,1459,815,1575
