1,-1,2270,68,2528
2,-1,2270,68,2528
3,-1,2270,68,2528
4,-1,2270,68,2528
5,-1,2270,68,2528
6,-1,2270,68,2527
7,-1,2270,68,2527
8,-1,2270,68,2527
9,-1,2270,68,2527
10,-1,2270,68,2527
11,-1,2270,68,2527
12,-1,2270,68,2527
13,-1,2270,68,2527
14,-1,2278,68,2527
15,-1,2280,68,2526
16,-1,2281,69,2526
17,-1,2281,69,2526
18,-1,2283,69,2526
19,-1,2285,69,2526
20,-1,2287,69,2526
21,-1,2292,69,2526
22,-1,2297,69,2526
23,-1,2303,69,2526
24,-1,2328,69,2526
25,-1,2328,69,2526
26,-1,2328,69,2526
27,-1,2328,69,2526
28,-1,2328,69,2526
29,-1,2328,69,2526
30,-1,2328,69,2526
31,-1,2328,69,2526
32,-1,2329,65,2527
33,-1,2331,61,2530
34,-1,2340,53,2540
35,-1,2348,42,2548
36,-1,2352,25,2553
37,0,0,0,0
38,0,0,0,0
39,0,0,0,0
40,0,0,0,0
41,0,0,0,0
42,0,0,0,0
43,0,0,0,0
44,0,0,0,0
45,0,0,0,0
46,0,0,0,0
47,0,0,0,0
48,0,0,0,0
49,0,0,0,0
50,0,0,0,0
51,0,0,0,0
52,0,0,0,0
53,0,0,0,0
54,0,0,0,0
55,0,0,0,0
56,0,0,0,0
57,0,0,0,0
58,0,0,0,0
59,0,0,0,0
60,0,0,0,0
61,0,0,0,0
62,0,0,0,0
63,0,0,0,0
64,0,0,0,0
65,0,0,0,0
66,0,0,0,0
67,0,0,0,0
68,0,0,0,0
69,0,0,0,0
70,0,0,0,0
71,0,0,0,0
72,0,0,0,0
73,0,0,0,0
74,0,0,0,0
75,0,0,0,0
76,0,0,0,0
77,0,0,0,0
78,0,0,0,0
79,0,0,0,0
80,0,0,0,0
81,0,0,0,0
82,0,0,0,0
83,0,0,0,0
84,0,0,0,0
85,0,0,0,0
86,0,0,0,0
87,0,0,0,0
88,0,0,0,0
89,0,0,0,0
90,0,0,0,0
91,0,0,0,0
92,0,0,0,0
93,0,0,0,0
94,0,0,0,0
95,0,0,0,0
96,0,0,0,0
97,0,0,0,0
98,0,0,0,0
99,0,0,0,0
100,0,0,0,0
101,0,0,0,0
102,0,0,0,0
103,0,0,0,0
104,0,0,0,0
105,0,0,0,0
106,0,0,0,0
107,0,0,0,0
108,0,0,0,0
109,0,0,0,0
110,0,0,0,0
111,0,0,0,0
112,0,0,0,0
113,0,0,0,0
114,0,0,0,0
115,0,0,0,0
116,0,0,0,0
117,0,0,0,0
118,0,0,0,0
119,0,0,0,0
120,0,0,0,0
121,0,0,0,0
122,0,0,0,0
123,0,0,0,0
124,0,0,0,0
125,-4,2108,35,2159
126,-4,2106,60,2156
127,-4,2088,83,2151
128,-4,2078,100,2146
129,-4,2068,120,2138
130,-4,2027,134,2131
131,-4,2027,147,2118
132,-4,2031,160,2109
133,-4,2025,167,2102
134,-4,2020,177,2098
135,-4,2006,179,2096
136,-4,1996,178,2092
137,-4,1992,178,2085
138,-4,1992,178,2083
139,-4,1992,179,2084
140,-4,1991,180,2085
141,5,1981,185,2087
142,14,1978,190,2089
143,21,1974,193,2090
144,30,1973,200,2093
145,40,1970,208,2096
146,50,1969,217,2100
147,63,1968,244,2099
148,77,1967,276,2102
149,90,1967,307,2103
150,106,1967,332,2104
151,122,1969,349,2105
152,140,1971,366,2110
153,153,1989,381,2114
154,165,1991,385,2122
155,176,1992,388,2128
156,189,1991,388,2133
157,201,2005,387,2140
158,211,2011,387,2147
159,221,2016,387,2154
160,231,2027,387,2160
161,240,2043,398,2171
162,251,2056,429,2179
163,262,2056,444,2187
164,277,2056,455,2195
165,285,2056,457,2203
166,299,2058,460,2210
167,309,2065,461,2217
168,316,2078,461,2230
169,326,2090,461,2236
170,330,2104,467,2244
171,336,2113,479,2251
172,340,2131,482,2261
173,345,2132,486,2258
174,348,2132,497,2270
175,351,2131,501,2286
176,352,2131,507,2299
177,361,2131,513,2313
178,357,2133,518,2324
179,355,2138,520,2334
180,357,2150,520,2339
181,361,2165,516,2341
182,364,2179,515,2341
183,367,2198,517,2341
184,373,2213,518,2344
185,377,2234,520,2352
186,380,2250,528,2358
187,386,2252,529,2364
188,392,2253,534,2365
189,396,2253,537,2367
190,402,2253,537,2374
191,411,2254,541,2376
192,418,2254,549,2383
193,422,2257,577,2388
194,424,2261,586,2390
195,417,2273,587,2397
196,418,2274,567,2407
197,419,2281,562,2417
198,419,2296,551,2419
199,421,2302,538,2418
200,444,2304,536,2423
201,444,2305,536,2423
202,446,2305,536,2426
203,445,2311,537,2432
204,413,2311,536,2435
205,411,2310,536,2438
206,412,2310,536,2440
207,413,2310,536,2443
208,413,2310,536,2445
209,413,2310,536,2446
210,413,2309,534,2448
211,430,2310,535,2450
212,432,2319,535,2452
213,430,2321,535,2452
214,430,2323,535,2452
215,430,2334,535,2456
216,435,2337,535,2458
217,435,2337,535,2458
218,435,2337,535,2459
219,437,2337,535,2459
220,439,2343,535,2459
221,439,2343,535,2459
222,439,2343,535,2459
223,439,2343,535,2459
224,439,2343,535,2459
225,439,2345,535,2459
226,440,2345,535,2459
227,440,2345,535,2460
228,440,2345,535,2461
229,440,2345,535,2461
230,440,2345,535,2461
231,440,2347,535,2461
232,440,2349,535,2461
233,436,2349,535,2461
234,434,2349,535,2461
235,434,2352,536,2461
236,431,2351,535,2461
237,431,2351,535,2461
238,430,2351,535,2461
239,429,2353,535,2461
240,427,2356,535,2461
241,425,2348,534,2459
242,421,2351,530,2458
243,418,2350,528,2458
244,414,2350,514,2458
245,411,2350,509,2458
246,408,2350,530,2452
247,404,2350,529,2452
248,400,2352,527,2453
249,394,2353,522,2454
250,390,2353,514,2454
251,389,2351,516,2454
252,386,2351,516,2456
253,383,2351,515,2456
254,379,2351,515,2455
255,377,2349,512,2456
256,375,2349,509,2457
257,373,2319,513,2457
258,371,2320,512,2458
259,369,2324,509,2462
260,368,2326,506,2463
261,367,2328,507,2463
262,367,2331,507,2466
263,365,2331,499,2466
264,363,2332,498,2466
265,362,2319,488,2465
266,360,2320,487,2468
267,356,2320,484,2469
268,353,2321,485,2471
269,350,2321,484,2471
270,347,2320,485,2473
271,344,2320,485,2475
272,340,2320,485,2474
273,336,2320,485,2482
274,333,2320,485,2481
275,329,2320,484,2481
276,325,2321,475,2480
277,322,2322,474,2480
278,318,2330,469,2477
279,315,2330,466,2478
280,311,2336,447,2478
281,307,2340,434,2478
282,303,2341,426,2479
283,301,2345,417,2479
284,297,2349,418,2478
285,294,2357,417,2478
286,290,2358,416,2488
287,286,2357,417,2491
288,277,2357,416,2496
289,275,2357,416,2499
290,271,2357,416,2501
291,267,2357,416,2504
292,261,2357,416,2505
293,255,2358,416,2505
294,246,2361,412,2505
295,203,2365,413,2505
296,195,2368,413,2506
297,195,2369,409,2510
298,194,2380,394,2510
299,194,2382,372,2508
300,193,2382,359,2508
301,195,2382,348,2521
302,195,2382,342,2533
303,195,2382,341,2541
304,195,2382,340,2546
305,176,2382,340,2546
306,172,2382,340,2547
307,169,2382,339,2547
308,174,2382,336,2547
309,175,2382,333,2547
310,174,2382,332,2547
311,173,2383,327,2547
312,170,2383,313,2547
313,167,2369,305,2547
314,165,2368,298,2547
315,161,2368,293,2547
316,156,2366,290,2547
317,156,2365,288,2547
318,150,2365,283,2547
319,145,2365,278,2547
320,141,2365,271,2547
321,137,2369,268,2547
322,132,2369,267,2547
323,87,2368,267,2547
324,86,2364,267,2547
325,82,2363,267,2547
326,78,2360,268,2547
327,72,2358,269,2547
328,71,2356,269,2547
329,74,2356,269,2547
330,73,2355,268,2547
331,71,2355,266,2547
332,66,2355,264,2547
333,61,2355,261,2547
334,57,2355,253,2547
335,52,2355,243,2545
336,49,2355,230,2544
337,44,2355,220,2543
338,41,2355,212,2541
339,37,2354,198,2540
340,33,2353,193,2537
341,31,2351,192,2533
342,28,2349,190,2528
343,23,2348,192,2522
344,20,2345,191,2519
345,17,2343,191,2518
346,14,2340,191,2518
347,9,2337,191,2518
348,5,2324,191,2518
349,0,2324,191,2517
350,-5,2324,189,2517
351,-5,2324,183,2514
352,-5,2324,179,2507
353,-5,2324,167,2504
354,-5,2324,160,2503
355,-5,2324,150,2502
356,-5,2324,148,2502
357,-5,2318,135,2502
358,-5,2305,128,2502
359,-5,2296,119,2502
360,-5,2287,120,2502
361,-5,2283,120,2502
362,-5,2279,121,2502
363,-5,2278,121,2502
364,-5,2278,121,2502
365,-5,2278,121,2502
366,-5,2278,121,2502
367,-5,2278,121,2502
368,-5,2278,121,2502
369,-5,2278,121,2502
370,-5,2278,121,2502
371,-5,2278,121,2500
372,-5,2278,121,2499
373,-5,2278,113,2499
374,-5,2278,95,2499
375,-5,2278,92,2499
376,-5,2278,90,2500
377,-5,2278,88,2500
378,-5,2278,88,2501
379,-5,2278,88,2502
380,-5,2278,88,2503
381,-5,2278,88,2503
382,-5,2278,88,2508
383,-5,2278,89,2511
384,-5,2278,89,2512
385,-5,2278,89,2513
386,-5,2278,89,2514
387,-5,2278,89,2514
388,-5,2278,89,2514
389,-5,2278,89,2514
390,-5,2278,89,2514
391,-5,2278,89,2514
392,-5,2278,89,2514
393,-5,2281,94,2514
394,-5,2287,98,2514
395,-5,2293,100,2514
396,-5,2297,103,2514
397,-5,2303,104,2514
398,-5,2305,104,2514
399,-5,2307,105,2514
400,-5,2306,105,2514
401,-5,2306,103,2521
402,-5,2306,102,2530
403,-5,2306,99,2538
404,-5,2306,96,2545
405,-5,2306,90,2553
406,-5,2306,84,2559
407,-5,2306,81,2564
408,-5,2306,81,2565
409,-5,2306,81,2565
410,-5,2306,81,2568
411,-5,2306,80,2568
412,-5,2306,80,2568
413,-5,2306,80,2568
414,-5,2306,80,2568
415,-5,2306,80,2568
416,-5,2306,80,2568
417,-5,2306,80,2568
418,-5,2306,80,2568
419,-5,2306,80,2568
420,-5,2306,80,2568
421,-5,2309,80,2568
422,-5,2311,80,2568
423,-5,2311,80,2568
424,-5,2311,80,2568
425,-5,2311,80,2568
426,-5,2312,80,2568
427,-5,2312,80,2568
428,-5,2312,80,2568
429,-5,2312,80,2568
430,-5,2312,80,2568
431,-5,2312,80,2568
432,-5,2312,80,2568
433,-5,2312,80,2568
434,-5,2312,80,2568
435,-5,2312,80,2568
436,-5,2312,80,2568
437,-5,2312,80,2568
438,-5,2312,80,2568
439,-5,2312,80,2568
440,-5,2312,80,2568
441,-5,2312,80,2568
442,-5,2312,80,2568
443,-5,2312,80,2568
444,-5,2312,80,2568
445,-5,2312,81,2568
446,-5,2312,81,2568
447,-5,2312,80,2568
448,-5,2312,80,2568
449,-5,2312,80,2568
450,-5,2312,80,2568
451,-5,2312,80,2568
452,-5,2312,80,2568
453,-5,2312,80,2568
454,-5,2312,80,2568
455,-5,2312,80,2568
456,-5,2312,80,2568
457,-5,2312,80,2568
458,-5,2312,80,2568
459,-5,2312,80,2568
460,-5,2312,80,2568
461,-5,2312,80,2568
462,-5,2312,80,2568
463,-5,2312,80,2568
464,-5,2312,80,2568
465,-5,2312,80,2568
466,-5,2312,80,2568
467,-5,2312,80,2568
468,-5,2312,80,2568
469,-5,2312,80,2568
470,-5,2312,80,2568
471,-5,2312,80,2568
472,-5,2312,80,2568
473,-5,2312,80,2568
474,-5,2312,80,2568
475,-5,2312,80,2568
476,-5,2312,80,2568
477,-5,2312,80,2568
478,-5,2312,80,2568
479,-5,2312,80,2568
480,-5,2312,80,2568
481,-5,2312,80,2568
482,-5,2312,80,2568
483,-5,2312,80,2568
484,-5,2312,80,2568
485,-5,2312,80,2568
486,-5,2312,80,2568
487,-5,2312,80,2568
488,-5,2312,80,2568
489,-5,2312,80,2568
490,-5,2312,80,2568
491,-5,2312,80,2568
492,-5,2312,80,2568
493,-5,2312,80,2568
494,-5,2312,80,2568
495,-5,2312,80,2568
496,-5,2312,80,2568
497,-5,2312,80,2568
498,-5,2312,80,2568
499,-5,2312,80,2568
500,-5,2312,80,2568
501,-5,2312,80,2568
502,-5,2312,80,2568
503,-5,2312,80,2568
504,-5,2312,80,2568
505,-5,2312,81,2568
506,-5,2312,81,2568
507,-5,2312,81,2568
508,-5,2312,81,2568
509,-5,2312,81,2568
510,-5,2312,81,2568
511,-5,2312,81,2568
512,-5,2312,81,2568
513,-5,2312,81,2568
514,-5,2312,81,2568
515,-5,2312,81,2568
516,-5,2312,81,2568
517,-5,2312,81,2568
518,-5,2313,81,2568
519,-5,2314,81,2568
520,-5,2314,81,2568
521,-5,2314,81,2568
522,-5,2314,81,2568
523,-5,2314,81,2568
524,-5,2314,81,2568
525,-5,2314,81,2568
526,-5,2314,81,2568
527,-5,2314,81,2568
528,-5,2314,81,2568
529,-5,2314,81,2568
530,-5,2314,80,2568
531,-5,2314,80,2568
532,-5,2314,80,2568
533,-5,2314,80,2568
534,-5,2314,80,2568
535,-5,2314,80,2568
536,-5,2314,80,2568
537,-5,2314,80,2568
538,-5,2314,80,2568
539,-5,2314,80,2568
540,-5,2314,80,2568
541,-5,2314,80,2568
542,-5,2314,80,2568
543,-5,2314,80,2568
544,-5,2314,80,2568
545,-5,2314,80,2568
546,-5,2314,80,2568
547,-5,2314,81,2568
548,-5,2314,81,2568
549,-5,2314,81,2568
550,-5,2314,81,2568
551,-5,2314,81,2568
552,-5,2314,81,2568
553,-5,2314,81,2568
554,-5,2314,81,2568
555,-5,2314,81,2568
556,-5,2314,81,2568
557,-5,2314,81,2568
558,-5,2314,81,2568
559,-5,2314,81,2568
560,-5,2314,81,2568
561,-5,2314,81,2568
562,-5,2314,81,2568
563,-5,2314,81,2568
564,-5,2314,81,2568
565,-5,2314,81,2568
566,-5,2314,81,2568
567,-5,2314,81,2568
568,-5,2314,81,2568
569,-5,2314,81,2568
570,-5,2314,81,2568
571,-5,2314,81,2568
572,-5,2314,81,2568
573,-5,2314,81,2568
574,-5,2314,81,2568
575,-5,2314,81,2568
576,-5,2314,81,2568
577,-5,2314,81,2568
578,-5,2314,81,2568
579,-5,2314,81,2568
580,-5,2314,81,2568
581,-5,2314,81,2568
582,-5,2314,81,2568
583,-5,2314,81,2568
584,-5,2314,81,2568
585,-5,2314,81,2568
586,-5,2314,82,2568
587,-5,2314,81,2568
588,-5,2314,81,2568
589,-5,2314,81,2568
590,-5,2314,81,2568
591,-5,2314,81,2568
592,-5,2314,81,2568
593,-5,2314,81,2568
594,-5,2314,81,2568
595,-5,2314,81,2568
596,-5,2314,81,2568
597,-5,2314,81,2568
598,-5,2314,81,2568
599,-5,2314,81,2568
600,-5,2314,81,2568
601,-5,2314,81,2568
602,-5,2314,81,2568
603,-5,2314,81,2568
604,-5,2314,81,2568
605,-5,2314,81,2568
606,-5,2314,81,2568
607,-5,2314,81,2568
608,-5,2314,81,2568
609,-5,2314,81,2568
610,-5,2314,81,2568
611,-5,2314,81,2568
612,-5,2314,81,2568
613,-5,2314,81,2568
614,-5,2314,81,2568
615,-5,2314,81,2568
616,-5,2314,81,2568
617,-5,2314,81,2568
618,-5,2314,81,2568
619,-5,2314,81,2568
620,-5,2314,81,2568
621,-5,2314,81,2568
622,-5,2314,81,2568
623,-5,2314,81,2568
624,-5,2314,81,2568
625,-5,2314,81,2568
626,-5,2314,81,2568
627,-5,2314,81,2568
628,-5,2314,81,2568
629,-5,2314,81,2568
630,-5,2314,81,2568
631,-5,2314,81,2568
632,-5,2314,81,2568
633,-5,2314,81,2568
634,-5,2314,81,2568
635,-5,2314,81,2568
636,-5,2314,81,2568
637,-5,2314,81,2568
638,-5,2314,80,2568
639,-5,2314,80,2568
640,-5,2314,80,2568
641,-5,2314,80,2568
642,-5,2314,80,2568
643,-5,2314,80,2568
644,-5,2314,80,2568
645,-5,2314,80,2568
646,-5,2314,80,2568
647,-5,2314,80,2568
648,-5,2314,80,2568
649,-5,2314,80,2568
650,-5,2314,80,2568
651,-5,2314,80,2568
652,-5,2314,80,2568
653,-5,2314,80,2568
654,-5,2314,80,2568
655,-5,2314,80,2568
656,-5,2314,80,2568
657,-5,2314,80,2568
658,-5,2314,80,2568
659,-5,2314,80,2568
660,-5,2314,80,2568
661,-5,2314,80,2568
662,-5,2314,80,2568
663,-5,2314,80,2568
664,-5,2314,80,2568
665,-5,2314,80,2568
666,-5,2314,80,2568
667,-5,2314,80,2568
668,-5,2314,80,2568
669,-5,2314,80,2568
670,-5,2314,81,2568
671,-5,2314,81,2568
672,-5,2314,81,2568
673,-5,2314,81,2568
674,-5,2314,81,2568
675,-5,2314,81,2568
676,-5,2314,81,2568
677,-5,2314,81,2568
678,-5,2314,81,2568
679,-5,2314,81,2568
680,-5,2314,81,2568
681,-5,2314,81,2568
682,-5,2314,81,2568
683,-5,2314,81,2568
684,-5,2314,81,2568
685,-5,2314,81,2568
686,-5,2314,81,2568
687,-5,2314,81,2568
688,-5,2314,81,2568
689,-5,2314,81,2568
690,-5,2314,81,2568
691,-5,2314,81,2568
692,-5,2314,81,2568
693,-5,2314,81,2568
694,-5,2314,81,2568
695,-5,2314,81,2568
696,-5,2314,81,2568
697,-5,2314,81,2568
698,-5,2314,81,2568
699,-5,2314,81,2568
700,-5,2314,81,2568
701,-5,2314,81,2568
702,-5,2314,81,2568
703,-5,2314,81,2568
704,-5,2314,81,2568
705,-5,2314,81,2568
706,-5,2314,81,2568
707,-5,2314,81,2568
708,-5,2314,81,2568
709,-5,2314,81,2568
710,-5,2314,81,2568
711,-5,2314,81,2568
712,-5,2314,81,2568
713,-5,2314,81,2568
714,-5,2314,81,2568
715,-5,2314,81,2568
716,-5,2314,81,2568
717,-5,2314,81,2568
718,-5,2314,81,2568
719,-5,2314,81,2568
720,-5,2314,81,2568
721,-5,2314,81,2568
722,-5,2314,81,2568
723,-5,2314,81,2568
724,-5,2314,81,2568
725,-5,2314,81,2568
726,-5,2314,81,2568
727,-5,2314,81,2568
728,-5,2314,81,2568
729,-5,2314,81,2568
730,-5,2314,81,2568
731,-5,2314,81,2568
732,-5,2314,81,2568
733,-5,2314,81,2568
734,-5,2314,81,2568
735,-5,2314,81,2568
736,-5,2314,81,2568
737,-5,2314,81,2568
738,-5,2314,81,2568
739,-5,2314,81,2568
740,-5,2314,81,2568
741,-5,2314,81,2568
742,-5,2314,81,2568
743,-5,2314,81,2568
744,-5,2314,81,2568
745,-5,2314,81,2568
746,-5,2314,81,2568
747,-5,2314,81,2568
748,-5,2314,81,2568
749,-5,2314,81,2568
750,-5,2314,81,2568
751,-5,2314,81,2568
752,-5,2314,81,2568
753,-5,2314,81,2568
754,-5,2314,81,2568
755,-5,2314,81,2568
756,-5,2314,81,2568
757,-5,2314,81,2568
758,-5,2314,81,2568
759,-5,2314,81,2568
760,-5,2314,81,2568
761,-5,2314,81,2568
762,-5,2314,81,2568
763,-5,2314,81,2568
764,-5,2314,81,2568
765,-5,2314,81,2568
766,-5,2314,81,2568
767,-5,2314,81,2568
768,-5,2314,81,2568
769,-5,2314,81,2568
770,-5,2314,81,2568
771,-5,2314,81,2568
772,-5,2314,81,2568
773,-5,2314,81,2568
774,-5,2314,81,2568
775,-5,2314,81,2568
776,-5,2314,81,2568
777,-5,2314,81,2568
778,-5,2314,81,2568
779,-5,2314,81,2568
780,-5,2314,81,2568
781,-5,2314,81,2568
782,-5,2314,81,2568
783,-5,2314,81,2568
784,-5,2314,81,2568
785,-5,2314,81,2568
786,-5,2314,81,2568
787,-5,2314,81,2568
788,-5,2314,81,2568
789,-5,2314,81,2568
790,-5,2314,81,2568
791,-5,2314,81,2568
792,-5,2314,81,2568
793,-5,2314,81,2568
794,-5,2314,81,2568
795,-5,2314,81,2568
796,-5,2314,81,2568
797,-5,2314,81,2568
798,-5,2314,81,2568
799,-5,2314,81,2568
800,-5,2314,81,2568
801,-5,2314,81,2568
802,-5,2314,81,2568
803,-5,2314,81,2568
804,-5,2314,81,2568
805,-5,2314,81,2568
806,-5,2314,81,2568
807,-5,2314,81,2568
808,-5,2314,81,2568
809,-5,2318,81,2568
810,-5,2322,81,2568
811,-5,2327,81,2568
812,-5,2331,81,2568
813,-5,2331,81,2568
814,-5,2330,81,2568
815,-5,2330,81,2568
816,-5,2330,81,2568
817,-5,2330,81,2568
818,-5,2330,81,2568
819,-5,2331,80,2568
820,-5,2333,80,2568
821,-5,2337,80,2568
822,-5,2345,80,2568
823,-5,2348,80,2568
824,-5,2354,80,2568
825,-5,2352,80,2568
826,-5,2375,80,2568
827,-5,2375,80,2568
828,-5,2375,80,2568
829,-5,2375,80,2568
830,-5,2375,80,2568
831,-5,2375,77,2568
832,-5,2375,74,2568
833,-5,2379,69,2572
834,-5,2382,61,2581
835,-5,2387,50,2590
836,-5,2395,35,2597
837,0,0,0,0
838,0,0,0,0
839,0,0,0,0
840,0,0,0,0
841,0,0,0,0
842,0,0,0,0
843,0,0,0,0
844,0,0,0,0
845,0,0,0,0
846,0,0,0,0
847,0,0,0,0
848,0,0,0,0
849,0,0,0,0
850,0,0,0,0
851,0,0,0,0
852,0,0,0,0
853,0,0,0,0
854,0,0,0,0
855,0,0,0,0
856,0,0,0,0
857,0,0,0,0
858,0,0,0,0
859,0,0,0,0
860,0,0,0,0
861,0,0,0,0
862,0,0,0,0
863,0,0,0,0
864,0,0,0,0
865,0,0,0,0
866,0,0,0,0
867,0,0,0,0
868,0,0,0,0
869,0,0,0,0
870,0,0,0,0
871,0,0,0,0
872,0,0,0,0
873,0,0,0,0
874,0,0,0,0
875,0,0,0,0
876,0,0,0,0
877,0,0,0,0
878,0,0,0,0
879,0,0,0,0
880,0,0,0,0
881,0,0,0,0
882,0,0,0,0
883,0,0,0,0
884,0,0,0,0
885,0,0,0,0
886,0,0,0,0
887,0,0,0,0
888,0,0,0,0
889,0,0,0,0
890,0,0,0,0
891,0,0,0,0
892,0,0,0,0
893,0,0,0,0
894,0,0,0,0
895,0,0,0,0
896,0,0,0,0
897,0,0,0,0
898,0,0,0,0
899,0,0,0,0
900,0,0,0,0
901,0,0,0,0
902,0,0,0,0
903,0,0,0,0
904,0,0,0,0
905,0,0,0,0
906,0,0,0,0
907,0,0,0,0
908,0,0,0,0
909,0,0,0,0
910,0,0,0,0
911,0,0,0,0
912,0,0,0,0
913,0,0,0,0
914,0,0,0,0
915,0,0,0,0
916,0,0,0,0
917,0,0,0,0
918,0,0,0,0
919,0,0,0,0
920,-4,2158,18,2186
921,-4,2158,19,2186
922,-4,2158,20,2186
923,-4,2158,20,2186
924,-4,2158,20,2186
925,-4,2152,44,2209
926,-4,2146,83,2232
927,-4,2130,114,2227
928,-4,2111,137,2224
929,-4,2098,163,2218
930,-4,2089,177,2213
931,-4,2078,196,2203
932,-4,2074,209,2194
933,-1,2064,212,2181
934,10,2064,211,2169
935,23,2057,211,2162
936,31,2053,211,2153
937,39,2049,212,2148
938,44,2038,216,2139
939,50,2015,238,2134
940,61,2013,263,2128
941,71,2012,285,2123
942,81,2011,301,2114
943,96,2011,313,2108
944,106,2011,317,2104
945,113,2009,318,2103
946,123,2009,318,2104
947,130,2009,318,2104
948,136,2010,318,2104
949,141,2010,318,2105
950,144,2010,318,2105
951,148,2010,318,2105
952,149,2010,318,2104
953,151,2010,318,2104
954,152,2009,318,2104
955,153,2009,318,2103
956,154,2008,318,2102
957,154,2008,318,2101
958,154,2006,318,2100
959,154,2006,318,2100
960,154,2006,318,2100
961,154,2006,318,2099
962,154,2006,318,2098
963,154,2005,318,2097
964,154,2004,318,2096
965,154,2003,318,2095
966,154,2002,318,2094
967,154,2001,318,2093
968,154,2000,318,2092
969,154,2000,318,2091
970,154,1998,318,2090
971,154,1997,318,2089
972,148,1996,317,2087
973,147,1995,317,2084
974,144,1994,317,2082
975,138,1993,317,2080
976,132,1992,317,2077
977,122,1990,317,2075
978,107,1988,317,2074
979,80,1984,305,2074
980,62,1982,288,2077
981,58,1981,259,2080
982,54,1977,233,2080
983,52,1973,213,2079
984,53,1972,196,2077
985,59,1973,194,2079
986,63,1972,194,2080
987,59,1972,194,2080
988,50,1966,194,2080
989,31,1966,194,2079
990,6,1964,193,2071
991,0,1963,190,2070
992,-4,1963,179,2069
993,-4,1962,172,2061
994,-4,1966,168,2060
995,-4,1968,161,2064
996,-4,1936,152,2066
997,-4,1935,149,2066
998,-4,1931,148,2064
999,-4,1928,143,2059
1000,-4,1920,146,2056
1001,-4,1930,136,2050
1002,-4,1934,125,2047
1003,-4,1947,113,2043
1004,-4,1967,114,2039
1005,-4,1968,113,2036
1006,-4,1966,132,2047
1007,-4,1961,133,2049
1008,-4,1957,122,2040
1009,-4,1957,115,2041
1010,-4,1960,110,2051
1011,-4,1963,108,2054
1012,-4,1968,96,2066
1013,-4,1970,95,2072
1014,-4,1972,92,2076
1015,-4,1975,94,2050
1016,-4,1975,94,2052
1017,-4,1974,97,2053
1018,-4,1972,103,2054
1019,-4,1972,107,2057
1020,-4,1974,108,2068
1021,-4,1975,107,2074
1022,-4,1979,103,2081
1023,-4,1983,98,2076
1024,-4,1996,78,2071
1025,-4,2007,72,2086
1026,-4,2012,62,2095
1027,-4,2017,51,2103
1028,-4,2016,37,2112
1029,-4,2015,20,2120
1030,-4,2015,17,2139
1031,-4,2015,17,2061
1032,-4,2015,19,2062
1033,-4,2016,19,2062
1034,-4,2016,18,2062
1035,-4,2020,15,2062
1036,0,0,0,0
1037,0,0,0,0
1038,0,0,0,0
1039,0,0,0,0
1040,0,0,0,0
1041,0,0,0,0
1042,0,0,0,0
1043,0,0,0,0
1044,0,0,0,0
1045,0,0,0,0
1046,0,0,0,0
1047,0,0,0,0
1048,0,0,0,0
1049,0,0,0,0
1050,0,0,0,0
1051,0,0,0,0
1052,0,0,0,0
1053,0,0,0,0
1054,0,0,0,0
1055,0,0,0,0
1056,-3,2252,34,2297
1057,-3,2268,53,2316
1058,-4,2287,62,2494
1059,-4,2289,75,2498
1060,-4,2293,71,2503
1061,-4,2298,72,2511
1062,-5,2302,76,2513
1063,-5,2306,74,2513
1064,-5,2311,74,2513
1065,-5,2314,74,2512
1066,-5,2316,74,2512
1067,-5,2318,76,2513
1068,-5,2317,76,2521
1069,-5,2317,76,2536
1070,-5,2317,91,2548
1071,-5,2317,110,2556
1072,-5,2317,128,2560
1073,-5,2317,147,2560
1074,-5,2317,150,2561
1075,-5,2318,154,2561
1076,-5,2320,157,2562
1077,-5,2326,160,2562
1078,-5,2335,160,2562
1079,-5,2345,160,2562
1080,-5,2359,159,2562
1081,-5,2370,160,2562
1082,-2,2375,165,2562
1083,3,2391,187,2562
1084,12,2391,213,2562
1085,21,2391,237,2562
1086,31,2391,255,2563
1087,42,2391,262,2569
1088,72,2390,269,2571
1089,82,2391,273,2571
1090,89,2398,275,2573
1091,96,2399,274,2573
1092,105,2418,274,2573
1093,113,2424,274,2579
1094,121,2427,274,2586
1095,129,2428,275,2589
1096,138,2429,274,2587
1097,146,2431,293,2581
1098,155,2432,320,2576
1099,163,2432,338,2572
1100,172,2432,355,2572
1101,182,2434,363,2572
1102,191,2434,378,2572
1103,201,2432,379,2569
1104,209,2432,382,2566
1105,219,2430,383,2560
1106,231,2429,383,2551
1107,239,2427,382,2549
1108,244,2426,384,2549
1109,248,2425,383,2548
1110,257,2412,383,2548
1111,267,2414,382,2548
1112,274,2408,382,2548
1113,281,2410,383,2548
1114,286,2412,385,2548
1115,300,2406,385,2543
1116,306,2392,389,2539
1117,313,2374,390,2533
1118,318,2371,390,2534
1119,324,2368,393,2542
1120,328,2358,392,2540
1121,332,2358,392,2535
1122,335,2358,395,2535
1123,342,2363,413,2518
1124,345,2373,413,2512
1125,349,2382,413,2499
1126,351,2387,413,2497
1127,353,2387,404,2497
1128,354,2387,410,2497
1129,354,2385,411,2496
1130,354,2380,411,2496
1131,354,2374,411,2496
1132,354,2374,413,2498
1133,356,2361,413,2498
1134,355,2361,413,2498
1135,354,2361,413,2498
1136,351,2363,413,2499
1137,349,2364,413,2500
1138,345,2364,414,2501
1139,342,2364,413,2503
1140,340,2365,412,2505
1141,336,2363,412,2507
1142,334,2363,412,2507
1143,332,2363,410,2507
1144,331,2363,409,2507
1145,332,2364,409,2508
1146,332,2364,409,2508
1147,332,2364,409,2509
1148,332,2364,409,2509
1149,332,2364,409,2509
1150,331,2358,407,2514
1151,331,2358,411,2514
1152,331,2358,421,2514
1153,333,2352,422,2514
1154,333,2348,426,2514
1155,333,2343,430,2512
1156,334,2341,431,2511
1157,333,2334,429,2508
1158,334,2329,430,2506
1159,335,2324,430,2504
1160,335,2320,430,2502
1161,335,2316,430,2498
1162,336,2315,430,2495
1163,337,2309,430,2488
1164,334,2304,426,2479
1165,335,2305,458,2475
1166,332,2305,458,2474
1167,326,2311,458,2469
1168,325,2318,437,2474
1169,323,2328,435,2456
1170,321,2339,435,2448
1171,319,2341,429,2445
1172,318,2334,428,2442
1173,317,2333,433,2438
1174,317,2332,436,2434
1175,315,2328,436,2429
1176,315,2275,422,2425
1177,315,2266,422,2420
1178,316,2256,423,2417
1179,314,2247,422,2414
1180,313,2244,426,2409
1181,315,2239,428,2405
1182,320,2239,427,2399
1183,321,2238,428,2396
1184,320,2238,428,2390
1185,318,2238,427,2385
1186,317,2238,427,2380
1187,316,2238,427,2374
1188,315,2238,427,2370
1189,315,2238,427,2363
1190,319,2226,427,2356
1191,323,2200,428,2349
1192,328,2183,428,2343
1193,329,2162,431,2336
1194,330,2155,431,2330
1195,330,2152,435,2322
1196,331,2152,438,2315
1197,332,2151,440,2308
1198,332,2150,440,2304
1199,331,2150,441,2297
1200,332,2151,441,2289
1201,332,2151,441,2283
1202,333,2150,447,2276
1203,335,2149,452,2273
1204,342,2149,458,2267
1205,346,2149,462,2263
1206,351,2149,480,2260
1207,351,2149,494,2258
1208,353,2147,502,2255
1209,358,2132,515,2251
1210,361,2127,520,2248
1211,367,2122,523,2244
1212,375,2120,524,2240
1213,380,2117,525,2236
1214,385,2115,525,2233
1215,390,2114,526,2230
1216,395,2114,526,2229
1217,402,2114,527,2226
1218,406,2114,527,2224
1219,411,2113,527,2220
1220,414,2111,527,2217
1221,419,2108,527,2214
1222,423,2104,528,2211
1223,426,2103,528,2209
1224,431,2100,528,2207
1225,434,2081,531,2204
1226,436,2077,535,2202
1227,439,2074,538,2200
1228,442,2067,554,2197
1229,446,2066,560,2195
1230,452,2063,568,2193
1231,454,2062,571,2189
1232,458,2062,575,2187
1233,460,2063,575,2185
1234,462,2063,576,2184
1235,465,2062,576,2184
1236,470,2059,577,2182
1237,473,2055,580,2181
1238,479,2060,582,2180
1239,483,2056,578,2177
1240,486,2056,580,2178
1241,490,2058,582,2177
1242,494,2053,587,2177
1243,497,2050,590,2176
1244,501,2051,590,2173
1245,503,2051,594,2173
1246,507,2053,603,2174
1247,511,2052,616,2173
1248,514,2053,628,2173
1249,521,2052,635,2174
1250,525,2051,638,2175
1251,528,2052,641,2176
1252,528,2052,642,2176
1253,529,2053,641,2179
1254,530,2058,640,2181
1255,534,2059,640,2184
1256,536,2062,641,2185
1257,537,2062,642,2188
1258,540,2061,644,2191
1259,543,2061,646,2194
1260,547,2061,653,2195
1261,548,2061,655,2196
1262,548,2062,656,2196
1263,549,2064,659,2197
1264,548,2066,660,2199
1265,547,2067,662,2199
1266,547,2072,661,2200
1267,547,2079,660,2201
1268,547,2087,656,2202
1269,547,2096,655,2204
1270,547,2098,656,2205
1271,546,2097,657,2205
1272,545,2095,658,2206
1273,547,2090,659,2207
1274,547,2084,659,2207
1275,546,2079,659,2207
1276,547,2072,655,2207
1277,548,2069,652,2208
1278,549,2069,651,2210
1279,551,2072,650,2211
1280,554,2075,651,2211
1281,557,2078,652,2211
1282,559,2080,652,2212
1283,559,2087,656,2213
1284,559,2086,659,2213
1285,559,2095,661,2213
1286,559,2103,667,2214
1287,559,2105,671,2214
1288,559,2105,679,2214
1289,558,2105,685,2216
1290,558,2105,686,2217
1291,558,2105,686,2219
1292,558,2100,686,2221
1293,558,2100,685,2221
1294,558,2090,682,2223
1295,558,2089,681,2226
1296,559,2090,680,2227
1297,564,2096,677,2229
1298,567,2099,674,2232
1299,567,2114,670,2233
1300,573,2116,667,2235
1301,576,2116,662,2238
1302,575,2116,660,2239
1303,574,2116,658,2242
1304,572,2116,657,2243
1305,571,2116,655,2245
1306,568,2116,655,2248
1307,564,2116,655,2252
1308,564,2116,656,2253
1309,563,2116,656,2256
1310,562,2116,655,2258
1311,562,2116,655,2262
1312,562,2116,654,2265
1313,562,2116,654,2268
1314,562,2117,653,2270
1315,558,2118,653,2272
1316,557,2121,653,2275
1317,557,2125,649,2277
1318,558,2129,647,2278
1319,561,2136,650,2283
1320,562,2143,656,2284
1321,562,2149,665,2284
1322,562,2156,670,2286
1323,563,2165,675,2289
1324,563,2175,680,2290
1325,566,2177,684,2293
1326,566,2177,685,2294
1327,567,2178,686,2295
1328,569,2179,687,2298
1329,570,2178,686,2298
1330,573,2178,686,2299
1331,575,2178,686,2301
1332,579,2178,687,2303
1333,582,2178,686,2304
1334,583,2178,687,2305
1335,585,2178,687,2307
1336,588,2178,690,2307
1337,589,2178,691,2308
1338,589,2178,693,2310
1339,589,2178,695,2310
1340,589,2178,697,2311
1341,589,2178,699,2312
1342,589,2178,702,2312
1343,590,2178,705,2312
1344,593,2178,708,2313
1345,595,2178,710,2313
1346,596,2178,712,2313
1347,597,2178,714,2314
1348,597,2178,715,2314
1349,598,2178,717,2313
1350,598,2178,718,2314
1351,598,2178,719,2314
1352,598,2178,720,2314
1353,598,2178,721,2314
1354,598,2178,722,2314
1355,598,2178,723,2314
1356,598,2178,724,2314
1357,598,2178,725,2314
1358,598,2178,726,2313
1359,598,2178,726,2313
1360,598,2178,726,2314
1361,598,2178,724,2314
1362,598,2178,722,2314
1363,598,2178,722,2314
1364,598,2178,722,2313
1365,598,2178,721,2313
1366,598,2178,721,2313
1367,598,2178,720,2313
1368,598,2178,720,2313
1369,598,2178,720,2313
1370,598,2178,720,2313
1371,598,2178,720,2313
1372,599,2178,720,2313
1373,599,2178,720,2313
1374,599,2178,720,2313
1375,599,2178,720,2313
1376,599,2178,720,2313
1377,599,2178,720,2313
1378,599,2178,720,2313
1379,599,2178,720,2313
1380,599,2178,720,2312
1381,599,2178,720,2312
1382,599,2178,720,2312
1383,599,2178,719,2311
1384,599,2178,719,2311
1385,599,2178,719,2311
1386,599,2178,719,2311
1387,599,2178,719,2311
1388,599,2178,719,2310
1389,599,2178,719,2310
1390,599,2178,719,2310
1391,599,2178,718,2310
1392,599,2178,718,2309
1393,599,2178,718,2309
1394,599,2178,718,2309
1395,599,2178,718,2309
1396,599,2178,718,2309
1397,599,2178,718,2308
1398,599,2178,718,2308
1399,599,2178,718,2308
1400,599,2178,718,2308
1401,599,2178,718,2308
1402,599,2178,718,2308
1403,599,2178,718,2308
1404,599,2178,718,2309
1405,599,2178,718,2309
1406,599,2178,718,2309
1407,599,2178,718,2310
1408,599,2178,718,2310
1409,599,2178,718,2310
1410,599,2178,718,2310
1411,599,2178,718,2310
1412,599,2178,718,2310
1413,599,2178,718,2310
1414,599,2178,718,2310
1415,599,2178,718,2310
1416,599,2178,718,2310
1417,599,2178,718,2310
1418,599,2178,718,2310
1419,599,2178,718,2310
1420,599,2178,718,2309
1421,599,2178,718,2309
1422,599,2178,718,2308
1423,599,2178,718,2308
1424,599,2178,718,2308
1425,599,2178,718,2308
1426,599,2178,717,2308
1427,599,2178,717,2308
1428,599,2178,717,2308
1429,599,2178,717,2308
1430,599,2178,717,2308
1431,599,2178,717,2308
1432,600,2178,717,2308
1433,600,2178,717,2308
1434,600,2178,717,2309
1435,600,2178,717,2309
1436,600,2178,717,2309
1437,600,2178,717,2309
1438,600,2178,717,2309
1439,600,2178,717,2309
1440,600,2178,717,2309
1441,600,2178,717,2309
1442,600,2178,717,2309
1443,600,2178,717,2309
1444,600,2178,717,2309
1445,600,2178,717,2307
1446,600,2178,717,2306
1447,600,2178,717,2306
1448,600,2178,717,2306
1449,600,2178,717,2306
1450,600,2178,717,2306
1451,600,2178,717,2307
1452,600,2178,717,2308
1453,600,2178,717,2309
1454,600,2178,717,2309
1455,600,2178,717,2309
1456,600,2178,717,2310
1457,600,2178,717,2310
1458,600,2178,717,2310
1459,600,2178,717,2310
1460,600,2178,717,2310
1461,600,2178,717,2310
1462,600,2178,717,2310
1463,600,2178,717,2310
1464,600,2178,717,2309
1465,600,2178,717,2309
1466,600,2178,717,2309
1467,600,2178,717,2309
1468,600,2178,717,2309
1469,600,2178,717,2309
1470,600,2178,717,2309
1471,600,2178,717,2309
1472,600,2178,717,2309
1473,600,2178,717,2309
1474,600,2178,717,2309
1475,591,2184,717,2311
1476,588,2190,717,2312
1477,588,2194,717,2312
1478,591,2195,715,2312
1479,593,2197,715,2312
1480,593,2197,713,2312
1481,593,2197,712,2312
1482,593,2197,710,2313
1483,593,2197,709,2313
1484,593,2197,708,2312
1485,593,2197,708,2312
1486,593,2197,708,2312
1487,593,2197,706,2312
1488,593,2197,704,2312
1489,593,2197,704,2310
1490,593,2197,703,2309
1491,593,2197,701,2309
1492,593,2197,701,2308
1493,593,2197,701,2308
1494,593,2197,701,2307
1495,593,2197,701,2307
1496,593,2197,701,2307
1497,593,2197,701,2306
1498,593,2197,700,2306
1499,593,2197,700,2306
1500,593,2197,700,2305
1501,593,2197,699,2305
1502,593,2197,699,2305
1503,593,2197,699,2305
1504,593,2197,699,2304
1505,593,2197,700,2303
1506,593,2197,701,2303
1507,593,2197,702,2303
1508,593,2197,702,2302
1509,593,2197,703,2303
1510,593,2197,703,2303
1511,593,2197,703,2303
1512,593,2197,703,2303
1513,593,2197,704,2303
1514,593,2197,704,2303
1515,593,2197,704,2303
1516,593,2197,704,2303
1517,593,2197,704,2303
1518,593,2197,704,2303
1519,593,2197,704,2302
1520,593,2197,704,2302
1521,593,2197,704,2302
1522,593,2197,704,2302
1523,593,2197,704,2302
1524,593,2197,704,2302
1525,593,2197,704,2302
1526,593,2197,704,2302
1527,593,2197,704,2302
1528,593,2197,704,2302
1529,593,2197,704,2302
1530,593,2197,704,2300
1531,593,2197,703,2300
1532,593,2197,703,2300
1533,593,2197,703,2300
1534,593,2197,704,2300
1535,593,2197,704,2300
1536,593,2197,704,2300
1537,593,2197,704,2300
1538,593,2197,704,2300
1539,593,2197,704,2299
1540,593,2197,704,2299
1541,593,2197,704,2298
1542,593,2197,704,2298
1543,593,2197,705,2298
1544,593,2197,705,2298
1545,593,2197,705,2298
1546,593,2197,705,2298
1547,593,2197,705,2298
1548,593,2197,705,2298
1549,593,2197,705,2298
1550,593,2197,705,2298
1551,593,2197,704,2298
1552,593,2197,704,2298
1553,593,2197,704,2298
1554,593,2197,705,2298
1555,593,2197,705,2298
1556,593,2197,705,2298
1557,593,2197,704,2298
1558,593,2197,704,2298
1559,593,2197,704,2298
1560,593,2197,704,2298
1561,593,2197,704,2298
1562,593,2197,704,2298
1563,593,2197,705,2298
1564,593,2197,705,2298
1565,593,2197,705,2298
1566,593,2197,705,2298
1567,593,2197,705,2298
1568,593,2197,705,2298
1569,593,2197,705,2298
1570,593,2197,705,2298
1571,593,2197,705,2298
1572,593,2197,705,2298
1573,593,2197,705,2298
1574,593,2197,705,2298
1575,593,2197,705,2298
1576,593,2197,705,2298
1577,593,2197,705,2297
1578,593,2197,705,2297
1579,593,2197,705,2297
1580,593,2197,705,2297
1581,593,2197,705,2297
1582,593,2197,705,2296
1583,593,2197,705,2296
1584,593,2197,705,2296
1585,593,2197,705,2296
1586,593,2197,705,2296
1587,593,2197,705,2295
1588,593,2197,705,2295
1589,593,2197,705,2295
1590,593,2197,705,2295
1591,593,2197,705,2295
1592,593,2197,705,2295
1593,593,2197,705,2295
1594,593,2197,705,2294
1595,593,2197,705,2294
1596,593,2197,705,2294
1597,593,2197,705,2294
1598,593,2197,705,2294
1599,593,2197,705,2294
1600,593,2197,705,2294
1601,593,2197,705,2294
1602,593,2197,705,2294
1603,593,2197,706,2294
1604,593,2197,706,2294
1605,593,2197,706,2294
1606,593,2197,706,2294
1607,593,2197,706,2294
1608,593,2197,706,2293
1609,593,2197,706,2293
1610,593,2197,706,2293
1611,593,2197,706,2293
1612,593,2197,706,2293
1613,593,2197,706,2293
1614,593,2197,706,2293
1615,593,2197,706,2293
1616,593,2197,706,2293
1617,593,2197,706,2293
1618,593,2197,706,2293
1619,593,2197,706,2293
1620,593,2197,706,2293
1621,593,2197,706,2293
1622,593,2197,706,2293
1623,593,2197,706,2293
1624,593,2197,706,2293
1625,593,2197,706,2292
1626,593,2197,706,2291
1627,593,2197,706,2292
1628,593,2197,706,2291
1629,593,2197,706,2290
1630,593,2197,706,2290
1631,593,2197,706,2290
1632,593,2197,707,2290
1633,593,2197,710,2290
1634,593,2197,711,2290
1635,593,2197,713,2288
1636,593,2197,717,2287
1637,593,2197,721,2286
1638,593,2197,723,2284
1639,593,2197,728,2283
1640,600,2198,733,2282
1641,615,2196,737,2281
1642,631,2189,743,2279
1643,637,2184,747,2278
1644,640,2178,753,2275
1645,646,2163,758,2273
1646,648,2149,762,2269
1647,648,2143,768,2265
1648,648,2140,773,2263
1649,648,2133,779,2258
1650,648,2130,786,2255
1651,650,2129,792,2251
1652,654,2130,799,2246
1653,664,2129,807,2242
1654,669,2128,816,2239
1655,694,2129,821,2230
1656,711,2128,831,2226
1657,737,2127,836,2223
1658,744,2127,845,2218
1659,746,2123,851,2215
1660,747,2124,860,2210
1661,747,2108,867,2205
1662,745,2103,883,2198
1663,744,2100,890,2196
1664,744,2083,893,2194
1665,748,2078,902,2189
1666,761,2077,909,2186
1667,773,2077,917,2183
1668,790,2077,925,2179
1669,808,2079,932,2175
1670,834,2082,938,2170
1671,841,2078,946,2165
1672,841,2078,946,2159
1673,844,2043,961,2157
1674,849,2038,968,2153
1675,854,2038,975,2146
1676,858,2038,981,2138
1677,862,2038,987,2133
1678,869,2038,993,2131
1679,874,2038,997,2126
1680,887,2037,1005,2125
1681,895,2036,1008,2123
1682,902,2036,1014,2122
1683,903,2035,1017,2122
1684,903,2033,1021,2122
1685,903,2032,1024,2124
1686,903,2031,1026,2124
1687,903,2031,1028,2124
1688,903,2033,1031,2124
1689,903,2034,1033,2124
1690,903,2033,1033,2124
1691,903,2032,1033,2125
1692,903,2030,1034,2124
1693,903,2029,1034,2124
1694,903,2029,1034,2124
1695,903,2029,1034,2124
1696,903,2027,1034,2124
1697,903,2026,1034,2124
1698,903,2026,1034,2124
1699,903,2026,1034,2124
1700,903,2026,1034,2124
1701,903,2025,1034,2124
1702,903,2025,1034,2124
1703,903,2024,1034,2124
1704,903,2024,1034,2124
1705,903,2024,1034,2124
1706,903,2024,1033,2124
1707,903,2024,1033,2123
1708,903,2024,1033,2122
1709,903,2024,1033,2122
1710,903,2024,1033,2121
1711,903,2024,1033,2121
1712,903,2023,1033,2121
1713,903,2024,1034,2121
1714,904,2024,1034,2121
1715,904,2024,1038,2119
1716,904,2023,1039,2118
1717,904,2023,1041,2117
1718,904,2023,1042,2115
1719,904,2023,1043,2115
1720,904,2023,1044,2115
1721,904,2020,1046,2115
1722,904,2020,1048,2115
1723,904,2017,1049,2116
1724,904,2015,1053,2117
1725,904,2015,1070,2114
1726,904,2013,1078,2114
1727,906,2012,1095,2113
1728,906,2010,1117,2110
1729,906,2011,1126,2107
1730,906,2010,1138,2104
1731,909,2014,1141,2105
1732,920,2013,1147,2111
1733,947,2012,1157,2111
1734,989,2007,1170,2113
1735,1033,2005,1177,2110
1736,1067,2004,1184,2108
1737,1078,2003,1189,2105
1738,1087,1985,1190,2102
1739,1090,1988,1202,2101
1740,1090,1984,1221,2101
1741,1090,1988,1236,2099
1742,1091,1987,1247,2097
1743,1097,1983,1271,2097
1744,1099,1979,1285,2094
1745,1114,1976,1299,2085
1746,1128,1971,1306,2088
1747,1137,1963,1311,2093
1748,1138,1953,1316,2096
1749,1146,1949,1313,2097
1750,1146,1917,1312,2094
1751,1145,1912,1297,2090
1752,1147,1912,1290,2086
1753,1144,1923,1291,2084
1754,1144,1959,1290,2081
1755,1148,1975,1288,2077
1756,1145,1982,1284,2074
1757,1140,1982,1285,2072
1758,1142,1982,1282,2069
1759,1143,1980,1279,2065
1760,1140,1981,1280,2063
1761,1145,1979,1288,2066
1762,1144,1978,1296,2069
1763,1143,1977,1301,2072
1764,1142,1976,1306,2075
1765,1140,1976,1307,2077
1766,1139,1979,1307,2083
1767,1142,1979,1307,2099
1768,1143,1977,1306,2116
1769,1146,1976,1303,2133
1770,1151,1976,1300,2141
1771,1155,1976,1298,2148
1772,1159,1976,1299,2148
1773,1162,1975,1301,2148
1774,1161,1975,1301,2148
1775,1161,1977,1302,2149
1776,1161,1983,1302,2155
1777,1161,1988,1306,2163
1778,1159,2000,1306,2170
1779,1159,2015,1305,2183
1780,1157,2030,1303,2190
1781,1146,2053,1301,2197
1782,1141,2074,1297,2202
1783,1121,2096,1294,2211
1784,1107,2105,1289,2217
1785,1090,2105,1283,2223
1786,1081,2106,1277,2230
1787,1074,2106,1272,2236
1788,1065,2106,1260,2242
1789,1061,2106,1252,2249
1790,1060,2106,1244,2256
1791,1059,2112,1235,2263
1792,1058,2119,1227,2270
1793,1059,2131,1221,2276
1794,1059,2144,1217,2286
1795,1058,2157,1211,2292
1796,1058,2171,1203,2297
1797,1058,2182,1198,2308
1798,1059,2184,1190,2311
1799,1035,2184,1183,2317
1800,1002,2183,1174,2324
1801,987,2183,1165,2329
1802,969,2184,1159,2334
1803,963,2187,1148,2340
1804,955,2187,1139,2347
1805,950,2190,1131,2356
1806,951,2196,1125,2365
1807,951,2207,1119,2372
1808,950,2214,1110,2383
1809,950,2233,1104,2396
1810,924,2238,1096,2390
1811,917,2242,1085,2386
