1,726,2856,508,2558
2,726,2856,508,2558
3,726,2856,508,2558
4,726,2856,508,2558
5,726,2856,508,2558
6,726,2856,508,2558
7,726,2856,508,2558
8,726,2856,508,2558
9,726,2856,508,2558
10,726,2856,508,2558
11,726,2856,508,2558
12,726,2856,508,2558
13,726,2856,508,2558
14,726,2856,508,2558
15,726,2856,508,2558
16,726,2856,508,2558
17,726,2856,508,2558
18,726,2856,508,2558
19,726,2856,508,2558
20,710,2856,492,2558
21,710,2856,492,2558
22,710,2856,492,2558
23,710,2856,492,2558
24,710,2856,492,2558
25,710,2856,492,2558
26,710,2856,492,2558
27,710,2856,492,2558
28,710,2856,492,2558
29,727,2856,509,2558
30,727,2856,509,2558
31,727,2856,509,2558
32,727,2856,509,2558
33,737,2875,519,2577
34,737,2875,519,2577
35,737,2875,519,2577
36,737,2875,519,2577
37,737,2875,519,2577
38,722,2895,504,2597
39,722,2895,504,2597
40,722,2895,504,2597
41,722,2895,504,2597
42,722,2937,504,2639
43,722,2937,504,2639
44,722,2937,504,2639
45,707,2964,489,2666
46,707,2964,489,2666
47,707,2964,489,2666
48,707,3004,489,2706
49,707,3004,489,2706
50,707,3004,489,2706
51,707,3018,489,2720
52,707,3018,489,2720
53,707,3018,489,2720
54,707,3018,489,2720
55,707,3018,489,2720
56,707,3018,489,2720
57,707,3018,489,2720
58,707,3034,489,2736
59,707,3034,489,2736
60,707,3034,489,2736
61,707,3034,489,2736
62,720,3073,502,2775
63,720,3073,502,2775
64,720,3073,502,2775
65,720,3073,502,2775
66,740,3094,522,2796
67,740,3094,522,2796
68,740,3094,522,2796
69,760,3123,542,2825
70,760,3123,542,2825
71,760,3123,542,2825
72,770,3146,552,2848
73,770,3146,552,2848
74,770,3146,552,2848
75,770,3146,552,2848
76,798,3129,580,2831
77,798,3129,580,2831
78,822,3104,604,2806
79,822,3104,604,2806
80,822,3104,604,2806
81,851,3084,633,2786
82,851,3084,633,2786
83,851,3084,633,2786
84,851,3065,633,2767
85,851,3065,633,2767
86,867,3047,649,2749
87,867,3047,649,2749
88,867,3047,649,2749
89,867,3006,649,2708
90,867,3006,649,2708
91,867,2954,649,2656
92,867,2954,649,2656
93,867,2954,649,2656
94,867,2880,649,2582
95,867,2880,649,2582
96,867,2880,649,2582
97,867,2825,649,2527
98,867,2825,649,2527
99,867,2825,649,2527
100,867,2825,649,2527
101,867,2825,649,2527
102,856,2795,638,2497
103,856,2795,638,2497
104,856,2795,638,2497
105,856,2795,638,2497
106,856,2795,638,2497
107,830,2729,612,2431
108,830,2729,612,2431
109,830,2729,612,2431
110,830,2729,612,2431
111,785,2696,567,2398
112,785,2696,567,2398
113,763,2696,545,2398
114,763,2696,545,2398
115,763,2696,545,2398
116,728,2696,510,2398
117,728,2696,510,2398
118,696,2696,478,2398
119,696,2696,478,2398
120,672,2696,454,2398
121,672,2696,454,2398
122,624,2696,406,2398
123,624,2696,406,2398
124,594,2696,376,2398
125,594,2696,376,2398
126,578,2718,360,2420
127,578,2718,360,2420
128,544,2718,326,2420
129,544,2718,326,2420
130,521,2740,303,2442
131,521,2740,303,2442
132,497,2746,279,2448
133,497,2746,279,2448
134,497,2746,279,2448
135,484,2746,266,2448
136,484,2746,266,2448
137,484,2746,266,2448
138,470,2728,252,2430
139,470,2728,252,2430
140,470,2728,252,2430
141,443,2728,225,2430
142,443,2728,225,2430
143,443,2728,225,2430
144,443,2728,225,2430
145,443,2728,225,2430
146,443,2728,225,2430
147,443,2728,225,2430
148,443,2728,225,2430
149,443,2728,225,2430
150,443,2728,225,2430
151,443,2728,225,2430
152,443,2728,225,2430
153,443,2728,225,2430
154,443,2703,225,2405
155,443,2703,225,2405
156,443,2703,225,2405
157,443,2703,225,2405
158,443,2703,225,2405
159,443,2703,225,2405
160,443,2703,225,2405
161,443,2703,225,2405
162,443,2703,225,2405
163,443,2703,225,2405
164,443,2703,225,2405
165,443,2703,225,2405
166,443,2703,225,2405
167,443,2703,225,2405
168,443,2703,225,2405
169,443,2703,225,2405
170,443,2703,225,2405
171,443,2703,225,2405
172,443,2703,225,2405
173,443,2703,225,2405
174,443,2703,225,2405
175,443,2703,225,2405
176,443,2703,225,2405
177,443,2703,225,2405
178,443,2703,225,2405
179,443,2703,225,2405
180,480,2608,262,2310
181,480,2608,262,2310
182,480,2608,262,2310
183,480,2608,262,2310
184,480,2608,262,2310
185,480,2608,262,2310
186,480,2608,262,2310
187,480,2608,262,2310
188,510,2608,292,2310
189,510,2608,292,2310
190,510,2608,292,2310
191,510,2608,292,2310
192,535,2608,317,2310
193,535,2608,317,2310
194,535,2608,317,2310
195,535,2608,317,2310
196,535,2608,317,2310
197,535,2608,317,2310
198,535,2608,317,2310
199,535,2608,317,2310
200,535,2608,317,2310
201,559,2608,341,2310
202,559,2608,341,2310
203,559,2608,341,2310
204,559,2608,341,2310
205,559,2608,341,2310
206,559,2608,341,2310
207,559,2608,341,2310
208,559,2608,341,2310
209,559,2608,341,2310
210,559,2608,341,2310
211,559,2608,341,2310
212,559,2608,341,2310
213,559,2608,341,2310
214,559,2608,341,2310
215,559,2608,341,2310
216,559,2608,341,2310
217,559,2608,341,2310
218,559,2608,341,2310
219,559,2608,341,2310
220,559,2608,341,2310
221,559,2608,341,2310
222,559,2608,341,2310
223,559,2608,341,2310
224,559,2608,341,2310
225,559,2608,341,2310
226,559,2608,341,2310
227,559,2608,341,2310
228,559,2608,341,2310
229,559,2608,341,2310
230,559,2608,341,2310
231,559,2608,341,2310
232,559,2608,341,2310
233,559,2608,341,2310
234,559,2608,341,2310
235,559,2608,341,2310
236,559,2608,341,2310
237,559,2608,341,2310
238,559,2608,341,2310
239,559,2608,341,2310
240,559,2608,341,2310
241,559,2608,341,2310
242,559,2608,341,2310
243,559,2608,341,2310
244,559,2608,341,2310
245,559,2608,341,2310
246,559,2608,341,2310
247,559,2608,341,2310
248,559,2608,341,2310
249,559,2608,341,2310
250,559,2608,341,2310
251,559,2608,341,2310
252,559,2608,341,2310
253,559,2608,341,2310
254,559,2608,341,2310
255,559,2608,341,2310
256,559,2608,341,2310
257,559,2608,341,2310
258,559,2608,341,2310
259,559,2608,341,2310
260,559,2608,341,2310
261,559,2608,341,2310
262,559,2608,341,2310
263,559,2608,341,2310
264,559,2608,341,2310
265,559,2608,341,2310
266,559,2608,341,2310
267,559,2608,341,2310
268,559,2608,341,2310
269,559,2608,341,2310
270,559,2608,341,2310
271,559,2608,341,2310
272,559,2608,341,2310
273,559,2608,341,2310
274,559,2608,341,2310
275,559,2608,341,2310
276,559,2608,341,2310
277,559,2608,341,2310
278,559,2608,341,2310
279,559,2608,341,2310
280,559,2608,341,2310
281,559,2608,341,2310
282,559,2608,341,2310
283,559,2608,341,2310
284,559,2608,341,2310
285,559,2608,341,2310
286,559,2608,341,2310
287,559,2608,341,2310
288,559,2608,341,2310
289,559,2608,341,2310
290,559,2608,341,2310
291,559,2608,341,2310
292,559,2608,341,2310
293,559,2608,341,2310
294,559,2608,341,2310
295,559,2608,341,2310
296,559,2608,341,2310
297,559,2608,341,2310
298,559,2608,341,2310
299,559,2608,341,2310
300,559,2608,341,2310
301,559,2608,341,2310
302,559,2608,341,2310
303,559,2608,341,2310
304,559,2608,341,2310
305,559,2608,341,2310
306,559,2608,341,2310
307,559,2608,341,2310
308,559,2649,341,2351
309,559,2649,341,2351
310,559,2649,341,2351
311,559,2649,341,2351
312,559,2649,341,2351
313,559,2649,341,2351
314,559,2649,341,2351
315,559,2649,341,2351
316,559,2649,341,2351
317,559,2649,341,2351
318,559,2681,341,2383
319,559,2681,341,2383
320,559,2681,341,2383
321,559,2681,341,2383
322,559,2681,341,2383
323,559,2681,341,2383
324,559,2681,341,2383
325,559,2681,341,2383
326,559,2681,341,2383
327,559,2681,341,2383
328,559,2697,341,2399
329,559,2697,341,2399
330,559,2697,341,2399
331,559,2697,341,2399
332,559,2697,341,2399
333,559,2697,341,2399
334,559,2697,341,2399
335,559,2697,341,2399
336,559,2697,341,2399
337,559,2697,341,2399
338,559,2697,341,2399
339,559,2697,341,2399
340,559,2697,341,2399
341,559,2697,341,2399
342,559,2697,341,2399
343,559,2697,341,2399
344,559,2697,341,2399
345,559,2697,341,2399
346,559,2697,341,2399
347,559,2697,341,2399
348,559,2697,341,2399
349,559,2697,341,2399
350,559,2697,341,2399
351,559,2697,341,2399
352,559,2697,341,2399
353,559,2697,341,2399
354,559,2697,341,2399
355,559,2697,341,2399
356,559,2697,341,2399
357,559,2697,341,2399
358,559,2697,341,2399
359,559,2697,341,2399
360,559,2697,341,2399
361,559,2697,341,2399
362,559,2697,341,2399
363,559,2697,341,2399
364,559,2697,341,2399
365,559,2697,341,2399
366,559,2697,341,2399
367,559,2697,341,2399
368,559,2697,341,2399
369,559,2697,341,2399
370,559,2697,341,2399
371,559,2697,341,2399
372,559,2697,341,2399
373,559,2697,341,2399
374,559,2697,341,2399
375,559,2697,341,2399
376,559,2697,341,2399
377,559,2697,341,2399
378,559,2697,341,2399
379,559,2697,341,2399
380,559,2697,341,2399
381,559,2697,341,2399
382,559,2697,341,2399
383,559,2697,341,2399
384,559,2697,341,2399
385,559,2697,341,2399
386,559,2697,341,2399
387,559,2697,341,2399
388,495,2728,277,2430
389,495,2728,277,2430
390,495,2728,277,2430
391,495,2728,277,2430
392,495,2728,277,2430
393,495,2728,277,2430
394,465,2728,247,2430
395,465,2728,247,2430
396,465,2728,247,2430
397,465,2728,247,2430
398,465,2728,247,2430
399,465,2728,247,2430
400,465,2728,247,2430
401,465,2728,247,2430
402,465,2728,247,2430
403,465,2728,247,2430
404,465,2728,247,2430
405,464,2728,246,2430
406,464,2728,246,2430
407,464,2728,246,2430
408,464,2728,246,2430
409,464,2728,246,2430
410,464,2728,246,2430
411,464,2728,246,2430
412,464,2728,246,2430
413,464,2728,246,2430
414,464,2728,246,2430
415,464,2728,246,2430
416,464,2728,246,2430
417,464,2728,246,2430
418,480,2784,262,2486
419,480,2784,262,2486
420,480,2784,262,2486
421,480,2832,262,2534
422,480,2832,262,2534
423,480,2832,262,2534
424,480,2832,262,2534
425,480,2832,262,2534
426,480,2832,262,2534
427,480,2832,262,2534
428,480,2832,262,2534
429,480,2832,262,2534
430,495,2856,277,2558
431,495,2856,277,2558
432,495,2856,277,2558
433,495,2856,277,2558
434,505,2881,287,2583
435,505,2881,287,2583
436,505,2881,287,2583
437,505,2881,287,2583
438,505,2881,287,2583
439,537,2904,319,2606
440,537,2904,319,2606
441,537,2904,319,2606
442,537,2904,319,2606
443,537,2904,319,2606
444,537,2904,319,2606
445,537,2904,319,2606
446,537,2904,319,2606
447,537,2904,319,2606
448,537,2904,319,2606
449,537,2904,319,2606
450,537,2904,319,2606
451,584,2904,366,2606
452,584,2904,366,2606
453,584,2904,366,2606
454,584,2904,366,2606
455,633,2904,415,2606
456,633,2904,415,2606
457,633,2904,415,2606
458,633,2904,415,2606
459,633,2904,415,2606
460,633,2904,415,2606
461,656,2946,438,2648
462,656,2946,438,2648
463,656,2946,438,2648
464,656,2946,438,2648
465,656,2946,438,2648
466,656,2946,438,2648
467,656,2946,438,2648
468,656,2946,438,2648
469,687,2946,469,2648
470,687,2946,469,2648
471,687,2946,469,2648
472,687,2946,469,2648
473,687,2946,469,2648
474,723,2946,505,2648
475,723,2946,505,2648
476,723,2946,505,2648
477,723,2946,505,2648
478,723,2946,505,2648
479,723,2946,505,2648
480,723,2946,505,2648
481,723,2946,505,2648
482,723,2946,505,2648
483,723,2946,505,2648
484,723,2946,505,2648
485,723,2946,505,2648
486,723,2946,505,2648
487,723,2946,505,2648
488,723,2946,505,2648
489,723,2946,505,2648
490,723,2946,505,2648
491,723,2946,505,2648
492,723,2946,505,2648
493,723,2946,505,2648
494,723,2946,505,2648
495,723,2946,505,2648
496,723,2946,505,2648
497,723,2946,505,2648
498,723,2946,505,2648
499,723,2946,505,2648
500,723,2946,505,2648
501,723,2946,505,2648
502,723,2946,505,2648
503,723,2946,505,2648
504,723,2946,505,2648
505,723,2946,505,2648
506,723,2946,505,2648
507,723,2946,505,2648
508,723,2946,505,2648
509,723,2946,505,2648
510,723,2946,505,2648
511,723,2946,505,2648
512,723,2946,505,2648
513,723,2946,505,2648
514,723,2946,505,2648
515,723,2946,505,2648
516,723,2946,505,2648
517,723,2946,505,2648
518,723,2946,505,2648
519,723,2946,505,2648
520,723,2946,505,2648
521,723,2946,505,2648
522,723,2946,505,2648
523,723,2946,505,2648
524,723,2946,505,2648
525,723,2946,505,2648
526,723,2946,505,2648
527,723,2946,505,2648
528,723,2946,505,2648
529,723,2946,505,2648
530,723,2946,505,2648
531,723,2946,505,2648
532,723,2946,505,2648
533,723,2946,505,2648
534,723,2946,505,2648
535,723,2946,505,2648
536,723,2946,505,2648
537,723,2946,505,2648
538,723,2946,505,2648
539,723,2946,505,2648
540,723,2946,505,2648
541,723,2946,505,2648
542,723,2946,505,2648
543,723,2946,505,2648
544,723,2946,505,2648
545,723,2946,505,2648
546,723,2946,505,2648
547,723,2946,505,2648
548,723,2946,505,2648
549,723,2946,505,2648
550,723,2946,505,2648
551,723,2946,505,2648
552,723,2946,505,2648
553,723,2946,505,2648
554,723,2946,505,2648
555,723,2946,505,2648
556,723,2946,505,2648
557,723,2946,505,2648
558,723,2946,505,2648
559,723,2853,505,2555
560,723,2853,505,2555
561,723,2853,505,2555
562,723,2853,505,2555
563,723,2853,505,2555
564,723,2853,505,2555
565,723,2853,505,2555
566,723,2853,505,2555
567,723,2853,505,2555
568,723,2853,505,2555
569,723,2853,505,2555
570,723,2853,505,2555
571,723,2853,505,2555
572,723,2853,505,2555
573,723,2853,505,2555
574,723,2853,505,2555
575,723,2853,505,2555
576,723,2853,505,2555
577,723,2853,505,2555
578,723,2853,505,2555
579,723,2853,505,2555
580,723,2853,505,2555
581,723,2853,505,2555
582,723,2853,505,2555
583,723,2853,505,2555
584,723,2853,505,2555
585,723,2853,505,2555
586,723,2853,505,2555
587,723,2853,505,2555
588,723,2853,505,2555
589,723,2853,505,2555
590,723,2853,505,2555
591,723,2853,505,2555
592,723,2853,505,2555
593,723,2853,505,2555
594,723,2853,505,2555
595,723,2853,505,2555
596,723,2853,505,2555
597,723,2853,505,2555
598,723,2853,505,2555
599,723,2853,505,2555
600,723,2853,505,2555
601,723,2853,505,2555
602,723,2853,505,2555
603,723,2853,505,2555
604,723,2853,505,2555
605,723,2853,505,2555
606,723,2853,505,2555
607,723,2853,505,2555
608,723,2853,505,2555
609,723,2853,505,2555
610,723,2853,505,2555
611,723,2853,505,2555
612,723,2853,505,2555
613,723,2853,505,2555
614,723,2853,505,2555
615,723,2853,505,2555
616,723,2853,505,2555
617,723,2853,505,2555
618,723,2853,505,2555
619,723,2853,505,2555
620,723,2853,505,2555
621,723,2853,505,2555
622,723,2853,505,2555
623,723,2853,505,2555
624,723,2853,505,2555
625,723,2853,505,2555
626,723,2853,505,2555
627,723,2853,505,2555
628,723,2853,505,2555
629,723,2853,505,2555
630,723,2853,505,2555
631,723,2853,505,2555
632,723,2853,505,2555
633,723,2853,505,2555
634,723,2853,505,2555
635,723,2853,505,2555
636,723,2853,505,2555
637,723,2853,505,2555
638,723,2853,505,2555
639,723,2853,505,2555
640,723,2853,505,2555
641,723,2853,505,2555
642,723,2853,505,2555
643,723,2853,505,2555
644,723,2853,505,2555
645,723,2853,505,2555
646,723,2853,505,2555
647,723,2853,505,2555
648,723,2853,505,2555
649,723,2853,505,2555
650,723,2853,505,2555
651,723,2853,505,2555
652,723,2853,505,2555
653,723,2853,505,2555
654,723,2853,505,2555
655,723,2853,505,2555
656,723,2853,505,2555
657,723,2853,505,2555
658,723,2853,505,2555
659,723,2853,505,2555
660,723,2853,505,2555
661,723,2853,505,2555
662,723,2853,505,2555
663,723,2853,505,2555
664,723,2853,505,2555
665,723,2853,505,2555
666,723,2853,505,2555
667,723,2853,505,2555
668,723,2853,505,2555
669,723,2853,505,2555
670,723,2853,505,2555
671,723,2853,505,2555
672,723,2853,505,2555
673,723,2853,505,2555
674,723,2853,505,2555
675,723,2853,505,2555
676,723,2853,505,2555
677,723,2853,505,2555
678,723,2853,505,2555
679,723,2853,505,2555
680,723,2853,505,2555
681,723,2853,505,2555
682,723,2853,505,2555
683,723,2853,505,2555
684,723,2853,505,2555
685,723,2853,505,2555
686,723,2853,505,2555
687,723,2853,505,2555
688,723,2853,505,2555
689,723,2853,505,2555
690,723,2853,505,2555
691,723,2853,505,2555
692,723,2853,505,2555
693,723,2853,505,2555
694,723,2853,505,2555
695,723,2853,505,2555
696,723,2853,505,2555
697,723,2853,505,2555
698,723,2853,505,2555
699,723,2853,505,2555
700,723,2853,505,2555
701,723,2853,505,2555
702,723,2853,505,2555
703,723,2853,505,2555
704,723,2853,505,2555
705,723,2853,505,2555
706,723,2853,505,2555
707,723,2853,505,2555
708,723,2853,505,2555
709,723,2853,505,2555
710,723,2853,505,2555
711,723,2853,505,2555
712,723,2853,505,2555
713,723,2853,505,2555
714,723,2853,505,2555
715,723,2853,505,2555
716,723,2853,505,2555
717,723,2853,505,2555
718,723,2853,505,2555
719,723,2853,505,2555
720,723,2853,505,2555
721,723,2853,505,2555
722,723,2853,505,2555
723,723,2853,505,2555
724,723,2853,505,2555
725,723,2853,505,2555
726,723,2853,505,2555
727,723,2853,505,2555
728,723,2853,505,2555
729,723,2853,505,2555
730,723,2853,505,2555
731,723,2853,505,2555
732,723,2853,505,2555
733,723,2853,505,2555
734,723,2853,505,2555
735,723,2853,505,2555
736,723,2853,505,2555
737,723,2853,505,2555
738,723,2853,505,2555
739,723,2853,505,2555
740,723,2853,505,2555
741,723,2853,505,2555
742,723,2853,505,2555
743,723,2853,505,2555
744,723,2853,505,2555
745,723,2853,505,2555
746,723,2853,505,2555
747,723,2853,505,2555
748,723,2853,505,2555
749,723,2853,505,2555
750,723,2853,505,2555
751,723,2853,505,2555
752,723,2853,505,2555
753,723,2853,505,2555
754,723,2853,505,2555
755,723,2853,505,2555
756,723,2853,505,2555
757,723,2853,505,2555
758,723,2853,505,2555
759,723,2853,505,2555
760,723,2853,505,2555
761,723,2853,505,2555
762,723,2853,505,2555
763,723,2853,505,2555
764,723,2853,505,2555
765,723,2853,505,2555
766,723,2853,505,2555
767,723,2853,505,2555
768,723,2853,505,2555
769,723,2853,505,2555
770,723,2853,505,2555
771,723,2853,505,2555
772,723,2853,505,2555
773,723,2853,505,2555
774,723,2853,505,2555
775,723,2853,505,2555
776,723,2853,505,2555
777,723,2853,505,2555
778,723,2853,505,2555
779,723,2853,505,2555
780,723,2853,505,2555
781,723,2853,505,2555
782,723,2853,505,2555
783,723,2853,505,2555
784,723,2853,505,2555
785,723,2853,505,2555
786,723,2853,505,2555
787,723,2853,505,2555
788,723,2853,505,2555
789,723,2853,505,2555
790,723,2853,505,2555
791,723,2853,505,2555
792,723,2853,505,2555
793,723,2853,505,2555
794,723,2853,505,2555
795,723,2853,505,2555
796,723,2853,505,2555
797,723,2853,505,2555
798,723,2853,505,2555
799,723,2853,505,2555
800,723,2853,505,2555
801,723,2853,505,2555
802,723,2853,505,2555
803,723,2853,505,2555
804,723,2853,505,2555
805,723,2853,505,2555
806,723,2853,505,2555
807,723,2853,505,2555
808,723,2853,505,2555
809,723,2853,505,2555
810,723,2853,505,2555
811,723,2853,505,2555
812,723,2853,505,2555
813,723,2853,505,2555
814,723,2853,505,2555
815,723,2853,505,2555
816,723,2853,505,2555
817,723,2853,505,2555
818,723,2853,505,2555
819,723,2853,505,2555
820,723,2853,505,2555
821,723,2853,505,2555
822,723,2853,505,2555
823,723,2853,505,2555
824,723,2853,505,2555
825,723,2853,505,2555
826,723,2853,505,2555
827,723,2853,505,2555
828,723,2853,505,2555
829,723,2853,505,2555
830,706,2853,488,2555
831,706,2853,488,2555
832,706,2853,488,2555
833,706,2853,488,2555
834,706,2853,488,2555
835,706,2853,488,2555
836,706,2853,488,2555
837,706,2889,488,2591
838,706,2889,488,2591
839,706,2889,488,2591
840,706,2889,488,2591
841,706,2889,488,2591
842,706,2889,488,2591
843,706,2889,488,2591
844,704,2916,486,2618
845,704,2916,486,2618
846,704,2916,486,2618
847,704,2916,486,2618
848,704,2916,486,2618
849,704,2916,486,2618
850,704,2916,486,2618
851,704,2916,486,2618
852,704,2916,486,2618
853,704,2916,486,2618
854,704,2916,486,2618
855,704,2962,486,2664
856,704,2962,486,2664
857,704,2962,486,2664
858,704,2962,486,2664
859,704,2962,486,2664
860,704,2992,486,2694
861,704,2992,486,2694
862,704,2992,486,2694
863,704,2992,486,2694
864,704,2992,486,2694
865,719,3023,501,2725
866,719,3023,501,2725
867,719,3023,501,2725
868,719,3023,501,2725
869,719,3023,501,2725
870,719,3023,501,2725
871,719,3023,501,2725
872,719,3023,501,2725
873,719,3023,501,2725
874,719,3023,501,2725
875,762,3023,544,2725
876,762,3023,544,2725
877,762,3023,544,2725
878,772,3004,554,2706
879,772,3004,554,2706
880,772,3004,554,2706
881,785,2977,567,2679
882,785,2977,567,2679
883,785,2977,567,2679
884,785,2936,567,2638
885,785,2936,567,2638
886,785,2936,567,2638
887,785,2892,567,2594
888,785,2892,567,2594
889,785,2892,567,2594
890,785,2892,567,2594
891,785,2851,567,2553
892,785,2851,567,2553
893,785,2811,567,2513
894,785,2811,567,2513
895,785,2811,567,2513
896,785,2762,567,2464
897,785,2762,567,2464
898,785,2762,567,2464
899,785,2720,567,2422
900,785,2720,567,2422
901,785,2720,567,2422
902,785,2720,567,2422
903,785,2669,567,2371
904,785,2669,567,2371
905,785,2669,567,2371
906,785,2669,567,2371
907,785,2669,567,2371
908,785,2618,567,2320
909,785,2618,567,2320
910,785,2618,567,2320
911,766,2618,548,2320
912,766,2618,548,2320
913,766,2588,548,2290
914,766,2588,548,2290
915,766,2588,548,2290
916,741,2588,523,2290
917,741,2588,523,2290
918,714,2560,496,2262
919,714,2560,496,2262
920,693,2503,475,2205
921,693,2503,475,2205
922,667,2466,449,2168
923,667,2466,449,2168
924,667,2466,449,2168
925,651,2445,433,2147
926,651,2445,433,2147
927,651,2445,433,2147
928,651,2445,433,2147
929,651,2445,433,2147
930,633,2445,415,2147
931,633,2445,415,2147
932,633,2445,415,2147
933,603,2445,385,2147
934,603,2445,385,2147
935,603,2445,385,2147
936,603,2445,385,2147
937,603,2445,385,2147
938,549,2445,331,2147
939,549,2445,331,2147
940,549,2445,331,2147
941,549,2445,331,2147
942,549,2445,331,2147
943,549,2445,331,2147
944,549,2445,331,2147
945,502,2445,284,2147
946,502,2445,284,2147
947,502,2445,284,2147
948,502,2445,284,2147
949,477,2481,259,2183
950,477,2481,259,2183
951,451,2523,233,2225
952,451,2523,233,2225
953,451,2523,233,2225
954,424,2564,206,2266
955,424,2564,206,2266
956,424,2564,206,2266
957,424,2612,206,2314
958,424,2612,206,2314
959,394,2661,176,2363
960,394,2661,176,2363
961,394,2661,176,2363
962,366,2690,148,2392
963,366,2690,148,2392
964,366,2690,148,2392
965,366,2742,148,2444
966,366,2742,148,2444
967,366,2742,148,2444
968,300,2766,82,2468
969,300,2766,82,2468
970,300,2766,82,2468
971,300,2814,82,2516
972,300,2814,82,2516
973,300,2846,82,2548
974,300,2846,82,2548
975,300,2846,82,2548
976,300,2846,82,2548
977,300,2846,82,2548
978,272,2876,54,2578
979,272,2876,54,2578
980,272,2876,54,2578
981,256,2897,38,2599
982,256,2897,38,2599
983,256,2897,38,2599
984,256,2927,38,2629
985,256,2927,38,2629
986,256,2927,38,2629
987,235,2927,17,2629
988,235,2927,17,2629
989,235,2927,17,2629
990,235,2882,17,2584
991,235,2882,17,2584
992,235,2882,17,2584
993,235,2882,17,2584
994,235,2854,17,2556
995,235,2854,17,2556
996,235,2818,17,2520
997,235,2818,17,2520
998,235,2818,17,2520
999,235,2818,17,2520
1000,235,2818,17,2520
1001,235,2818,17,2520
1002,235,2818,17,2520
1003,235,2818,17,2520
1004,244,2799,26,2501
1005,244,2799,26,2501
1006,244,2799,26,2501
1007,244,2799,26,2501
1008,244,2799,26,2501
1009,244,2799,26,2501
1010,244,2799,26,2501
1011,244,2799,26,2501
1012,229,2799,11,2501
1013,229,2799,11,2501
1014,229,2799,11,2501
1015,229,2799,11,2501
1016,229,2799,11,2501
1017,229,2799,11,2501
1018,229,2799,11,2501
1019,229,2799,11,2501
1020,229,2799,11,2501
1021,229,2799,11,2501
1022,229,2799,11,2501
1023,229,2799,11,2501
1024,229,2799,11,2501
1025,229,2799,11,2501
1026,229,2799,11,2501
1027,229,2799,11,2501
1028,229,2799,11,2501
1029,229,2799,11,2501
1030,229,2799,11,2501
1031,246,2799,28,2501
1032,246,2799,28,2501
1033,246,2799,28,2501
1034,263,2799,45,2501
1035,263,2799,45,2501
1036,263,2799,45,2501
1037,263,2799,45,2501
1038,263,2799,45,2501
1039,263,2799,45,2501
1040,263,2799,45,2501
1041,293,2799,75,2501
1042,293,2799,75,2501
1043,293,2799,75,2501
1044,293,2799,75,2501
1045,319,2799,101,2501
1046,319,2799,101,2501
1047,319,2799,101,2501
1048,319,2799,101,2501
1049,349,2799,131,2501
1050,349,2799,131,2501
1051,349,2799,131,2501
1052,349,2799,131,2501
1053,349,2799,131,2501
1054,349,2799,131,2501
1055,375,2799,157,2501
1056,375,2799,157,2501
1057,375,2799,157,2501
1058,375,2799,157,2501
1059,375,2799,157,2501
1060,391,2773,173,2475
1061,391,2773,173,2475
1062,391,2773,173,2475
1063,391,2773,173,2475
1064,421,2730,203,2432
1065,421,2730,203,2432
1066,421,2730,203,2432
1067,421,2730,203,2432
1068,421,2730,203,2432
1069,421,2730,203,2432
1070,421,2730,203,2432
1071,421,2730,203,2432
1072,421,2730,203,2432
1073,421,2730,203,2432
1074,421,2730,203,2432
1075,421,2730,203,2432
1076,421,2730,203,2432
1077,421,2730,203,2432
1078,421,2730,203,2432
1079,433,2703,215,2405
1080,433,2703,215,2405
1081,433,2703,215,2405
1082,433,2703,215,2405
1083,433,2703,215,2405
1084,433,2703,215,2405
1085,433,2703,215,2405
1086,433,2703,215,2405
1087,433,2703,215,2405
1088,433,2703,215,2405
1089,433,2703,215,2405
1090,433,2703,215,2405
1091,452,2703,234,2405
1092,452,2703,234,2405
1093,452,2703,234,2405
1094,452,2703,234,2405
1095,452,2703,234,2405
1096,452,2703,234,2405
1097,452,2703,234,2405
1098,452,2703,234,2405
1099,452,2703,234,2405
1100,452,2703,234,2405
1101,452,2703,234,2405
1102,452,2703,234,2405
1103,452,2703,234,2405
1104,452,2685,234,2387
1105,452,2685,234,2387
1106,452,2685,234,2387
1107,452,2685,234,2387
1108,452,2685,234,2387
1109,452,2685,234,2387
1110,452,2685,234,2387
1111,452,2685,234,2387
1112,452,2685,234,2387
1113,452,2685,234,2387
1114,452,2685,234,2387
1115,452,2685,234,2387
1116,452,2685,234,2387
1117,452,2685,234,2387
1118,452,2685,234,2387
1119,452,2685,234,2387
1120,452,2685,234,2387
1121,452,2685,234,2387
1122,452,2685,234,2387
1123,452,2685,234,2387
1124,452,2685,234,2387
1125,452,2685,234,2387
1126,452,2685,234,2387
1127,452,2685,234,2387
1128,452,2685,234,2387
1129,452,2685,234,2387
1130,452,2685,234,2387
1131,459,2685,241,2387
1132,459,2685,241,2387
1133,459,2685,241,2387
1134,459,2685,241,2387
1135,459,2685,241,2387
1136,459,2685,241,2387
1137,459,2685,241,2387
1138,459,2685,241,2387
1139,459,2685,241,2387
1140,459,2685,241,2387
1141,459,2685,241,2387
1142,459,2685,241,2387
1143,459,2685,241,2387
1144,459,2685,241,2387
1145,459,2685,241,2387
1146,459,2685,241,2387
1147,459,2685,241,2387
1148,459,2685,241,2387
1149,459,2685,241,2387
1150,459,2685,241,2387
1151,459,2685,241,2387
1152,459,2685,241,2387
1153,459,2685,241,2387
1154,459,2685,241,2387
1155,459,2685,241,2387
1156,459,2685,241,2387
1157,459,2685,241,2387
1158,459,2685,241,2387
1159,459,2685,241,2387
1160,459,2685,241,2387
1161,459,2685,241,2387
1162,459,2685,241,2387
1163,459,2685,241,2387
1164,459,2685,241,2387
1165,459,2685,241,2387
1166,459,2685,241,2387
1167,459,2685,241,2387
1168,459,2685,241,2387
1169,459,2685,241,2387
1170,459,2685,241,2387
1171,459,2685,241,2387
1172,459,2685,241,2387
1173,459,2685,241,2387
1174,459,2685,241,2387
1175,459,2685,241,2387
1176,459,2685,241,2387
1177,459,2685,241,2387
1178,459,2685,241,2387
1179,459,2685,241,2387
1180,459,2685,241,2387
1181,459,2685,241,2387
1182,459,2685,241,2387
1183,459,2685,241,2387
1184,459,2685,241,2387
1185,459,2685,241,2387
1186,459,2685,241,2387
1187,459,2685,241,2387
1188,459,2685,241,2387
1189,459,2685,241,2387
1190,459,2685,241,2387
1191,459,2685,241,2387
1192,459,2685,241,2387
1193,459,2685,241,2387
1194,438,2685,220,2387
1195,438,2685,220,2387
1196,438,2685,220,2387
1197,438,2685,220,2387
1198,438,2685,220,2387
1199,438,2685,220,2387
1200,438,2685,220,2387
1201,438,2685,220,2387
1202,438,2685,220,2387
1203,438,2712,220,2414
1204,438,2712,220,2414
1205,438,2712,220,2414
1206,438,2712,220,2414
1207,438,2712,220,2414
1208,438,2712,220,2414
1209,438,2712,220,2414
1210,438,2712,220,2414
1211,438,2712,220,2414
1212,438,2712,220,2414
1213,438,2712,220,2414
1214,438,2712,220,2414
1215,438,2749,220,2451
1216,438,2749,220,2451
1217,438,2749,220,2451
1218,438,2749,220,2451
1219,438,2749,220,2451
1220,438,2749,220,2451
1221,438,2749,220,2451
1222,438,2749,220,2451
1223,438,2749,220,2451
1224,438,2749,220,2451
1225,438,2749,220,2451
1226,438,2749,220,2451
1227,438,2749,220,2451
1228,438,2749,220,2451
1229,438,2749,220,2451
1230,438,2749,220,2451
1231,438,2749,220,2451
1232,438,2749,220,2451
1233,438,2749,220,2451
1234,438,2749,220,2451
1235,438,2749,220,2451
1236,438,2749,220,2451
1237,438,2749,220,2451
1238,438,2749,220,2451
1239,438,2749,220,2451
1240,438,2749,220,2451
1241,438,2749,220,2451
1242,438,2749,220,2451
1243,438,2749,220,2451
1244,438,2749,220,2451
1245,438,2749,220,2451
1246,438,2749,220,2451
1247,438,2749,220,2451
1248,438,2749,220,2451
1249,438,2749,220,2451
1250,438,2749,220,2451
1251,438,2749,220,2451
1252,399,2785,181,2487
1253,399,2785,181,2487
1254,399,2785,181,2487
1255,399,2785,181,2487
1256,399,2785,181,2487
1257,399,2785,181,2487
1258,399,2785,181,2487
1259,399,2785,181,2487
1260,399,2785,181,2487
1261,399,2785,181,2487
1262,376,2850,158,2552
1263,376,2850,158,2552
1264,376,2850,158,2552
1265,376,2850,158,2552
1266,376,2850,158,2552
1267,376,2850,158,2552
1268,376,2850,158,2552
1269,376,2850,158,2552
1270,376,2850,158,2552
1271,376,2850,158,2552
1272,376,2850,158,2552
1273,376,2850,158,2552
1274,376,2896,158,2598
1275,376,2896,158,2598
1276,376,2896,158,2598
1277,376,2896,158,2598
1278,376,2896,158,2598
1279,376,2896,158,2598
1280,376,2896,158,2598
1281,376,2896,158,2598
1282,376,2896,158,2598
1283,376,2896,158,2598
1284,376,2896,158,2598
1285,376,2896,158,2598
1286,376,2896,158,2598
1287,376,2896,158,2598
1288,376,2896,158,2598
1289,376,2953,158,2655
1290,376,2953,158,2655
1291,376,2953,158,2655
1292,376,2953,158,2655
1293,376,2953,158,2655
1294,376,2953,158,2655
1295,376,2953,158,2655
1296,376,2953,158,2655
1297,376,2953,158,2655
1298,376,2953,158,2655
1299,376,2953,158,2655
1300,376,2953,158,2655
1301,376,2953,158,2655
1302,355,2995,137,2697
1303,355,2995,137,2697
1304,355,2995,137,2697
1305,355,2995,137,2697
1306,355,2995,137,2697
1307,355,2995,137,2697
1308,355,2995,137,2697
1309,355,2995,137,2697
1310,355,2995,137,2697
1311,355,2995,137,2697
1312,355,2995,137,2697
1313,355,3039,137,2741
1314,355,3039,137,2741
1315,355,3039,137,2741
1316,355,3039,137,2741
1317,355,3039,137,2741
1318,355,3039,137,2741
1319,355,3039,137,2741
1320,355,3039,137,2741
1321,355,3039,137,2741
1322,355,3039,137,2741
1323,355,3039,137,2741
1324,355,3039,137,2741
1325,355,3039,137,2741
1326,355,3039,137,2741
1327,355,3039,137,2741
1328,326,3096,108,2798
1329,326,3096,108,2798
1330,326,3096,108,2798
1331,326,3096,108,2798
1332,326,3096,108,2798
1333,326,3096,108,2798
1334,326,3096,108,2798
1335,326,3096,108,2798
1336,326,3096,108,2798
1337,326,3096,108,2798
1338,326,3096,108,2798
1339,326,3096,108,2798
1340,326,3096,108,2798
1341,326,3096,108,2798
1342,326,3096,108,2798
1343,326,3096,108,2798
1344,326,3096,108,2798
1345,326,3096,108,2798
1346,326,3096,108,2798
1347,326,3096,108,2798
1348,326,3096,108,2798
1349,326,3096,108,2798
1350,326,3096,108,2798
1351,326,3096,108,2798
1352,326,3096,108,2798
1353,326,3096,108,2798
1354,326,3096,108,2798
1355,326,3096,108,2798
1356,326,3096,108,2798
1357,326,3096,108,2798
1358,326,3096,108,2798
1359,326,3096,108,2798
1360,326,3096,108,2798
1361,326,3096,108,2798
1362,326,3096,108,2798
1363,326,3096,108,2798
1364,326,3096,108,2798
1365,326,3096,108,2798
1366,326,3096,108,2798
1367,326,3096,108,2798
1368,326,3096,108,2798
1369,326,3096,108,2798
1370,326,3096,108,2798
1371,326,3096,108,2798
1372,326,3096,108,2798
1373,326,3096,108,2798
1374,326,3096,108,2798
1375,326,3096,108,2798
1376,326,3096,108,2798
1377,326,3096,108,2798
1378,326,3096,108,2798
1379,326,3096,108,2798
1380,326,3096,108,2798
1381,325,2967,107,2669
1382,325,2967,107,2669
1383,325,2967,107,2669
1384,325,2967,107,2669
1385,325,2967,107,2669
1386,325,2967,107,2669
1387,325,2967,107,2669
1388,325,2967,107,2669
1389,325,2967,107,2669
1390,325,2967,107,2669
1391,325,2967,107,2669
1392,325,2967,107,2669
1393,325,2967,107,2669
1394,334,2922,116,2624
1395,334,2922,116,2624
1396,334,2922,116,2624
1397,334,2922,116,2624
1398,334,2922,116,2624
1399,334,2922,116,2624
1400,334,2922,116,2624
1401,334,2922,116,2624
1402,334,2922,116,2624
1403,334,2922,116,2624
1404,334,2922,116,2624
1405,334,2922,116,2624
1406,334,2922,116,2624
1407,334,2922,116,2624
1408,334,2922,116,2624
1409,334,2922,116,2624
1410,334,2922,116,2624
1411,334,2922,116,2624
1412,334,2922,116,2624
1413,334,2829,116,2531
1414,334,2829,116,2531
1415,334,2829,116,2531
1416,334,2829,116,2531
1417,334,2829,116,2531
1418,334,2829,116,2531
1419,334,2829,116,2531
1420,334,2829,116,2531
1421,334,2829,116,2531
1422,334,2829,116,2531
1423,334,2829,116,2531
1424,334,2829,116,2531
1425,334,2829,116,2531
1426,334,2829,116,2531
1427,334,2829,116,2531
1428,334,2829,116,2531
1429,334,2829,116,2531
1430,334,2829,116,2531
1431,334,2829,116,2531
1432,334,2829,116,2531
1433,334,2829,116,2531
1434,334,2829,116,2531
1435,334,2829,116,2531
1436,334,2829,116,2531
1437,334,2829,116,2531
1438,334,2829,116,2531
1439,334,2829,116,2531
1440,334,2829,116,2531
1441,334,2829,116,2531
1442,334,2829,116,2531
1443,334,2829,116,2531
1444,334,2829,116,2531
1445,334,2829,116,2531
1446,334,2829,116,2531
1447,334,2829,116,2531
1448,334,2829,116,2531
1449,334,2829,116,2531
1450,334,2829,116,2531
1451,334,2829,116,2531
1452,334,2829,116,2531
1453,334,2829,116,2531
1454,334,2829,116,2531
1455,334,2829,116,2531
1456,334,2829,116,2531
1457,334,2829,116,2531
1458,334,2829,116,2531
1459,334,2829,116,2531
1460,334,2829,116,2531
1461,334,2829,116,2531
1462,334,2829,116,2531
1463,334,2829,116,2531
1464,334,2829,116,2531
1465,334,2829,116,2531
1466,334,2829,116,2531
1467,334,2829,116,2531
1468,334,2829,116,2531
1469,334,2829,116,2531
1470,334,2829,116,2531
1471,334,2829,116,2531
1472,334,2829,116,2531
1473,334,2829,116,2531
1474,334,2829,116,2531
1475,334,2829,116,2531
1476,334,2829,116,2531
1477,334,2829,116,2531
1478,334,2829,116,2531
1479,334,2829,116,2531
1480,334,2829,116,2531
1481,334,2829,116,2531
1482,334,2829,116,2531
1483,334,2829,116,2531
1484,334,2829,116,2531
1485,334,2829,116,2531
1486,334,2829,116,2531
1487,334,2829,116,2531
1488,334,2829,116,2531
1489,334,2829,116,2531
1490,334,2829,116,2531
1491,334,2829,116,2531
1492,334,2829,116,2531
1493,334,2829,116,2531
1494,334,2829,116,2531
1495,334,2829,116,2531
1496,334,2829,116,2531
1497,334,2829,116,2531
1498,334,2829,116,2531
1499,334,2829,116,2531
1500,334,2829,116,2531
1501,334,2829,116,2531
1502,334,2829,116,2531
1503,334,2829,116,2531
1504,334,2829,116,2531
1505,334,2829,116,2531
1506,334,2829,116,2531
1507,334,2829,116,2531
1508,334,2829,116,2531
1509,334,2829,116,2531
1510,334,2829,116,2531
1511,334,2829,116,2531
1512,334,2829,116,2531
1513,334,2829,116,2531
1514,334,2829,116,2531
1515,334,2829,116,2531
1516,334,2829,116,2531
1517,334,2829,116,2531
1518,334,2829,116,2531
1519,334,2829,116,2531
1520,334,2829,116,2531
1521,334,2829,116,2531
1522,334,2829,116,2531
1523,334,2829,116,2531
1524,334,2829,116,2531
1525,334,2829,116,2531
1526,334,2829,116,2531
1527,334,2829,116,2531
1528,334,2829,116,2531
1529,334,2829,116,2531
1530,334,2829,116,2531
1531,334,2829,116,2531
1532,334,2829,116,2531
1533,334,2829,116,2531
1534,334,2829,116,2531
1535,334,2829,116,2531
1536,334,2829,116,2531
1537,334,2829,116,2531
1538,334,2829,116,2531
1539,334,2829,116,2531
1540,334,2829,116,2531
1541,334,2829,116,2531
1542,334,2829,116,2531
1543,334,2829,116,2531
1544,334,2829,116,2531
1545,334,2829,116,2531
1546,334,2829,116,2531
1547,334,2829,116,2531
1548,334,2829,116,2531
1549,334,2829,116,2531
1550,334,2829,116,2531
1551,334,2829,116,2531
1552,334,2829,116,2531
1553,334,2829,116,2531
1554,334,2829,116,2531
1555,334,2829,116,2531
1556,334,2829,116,2531
1557,334,2829,116,2531
1558,334,2829,116,2531
1559,334,2829,116,2531
1560,334,2829,116,2531
1561,334,2829,116,2531
1562,334,2829,116,2531
1563,334,2829,116,2531
1564,334,2829,116,2531
1565,334,2829,116,2531
1566,334,2829,116,2531
1567,334,2829,116,2531
1568,334,2829,116,2531
1569,334,2829,116,2531
1570,334,2829,116,2531
1571,334,2829,116,2531
1572,334,2829,116,2531
1573,334,2829,116,2531
1574,334,2829,116,2531
1575,334,2829,116,2531
1576,334,2829,116,2531
1577,334,2829,116,2531
1578,334,2829,116,2531
1579,334,2829,116,2531
1580,334,2829,116,2531
1581,334,2829,116,2531
1582,334,2829,116,2531
1583,334,2829,116,2531
1584,334,2829,116,2531
1585,334,2829,116,2531
1586,334,2829,116,2531
1587,334,2829,116,2531
1588,334,2829,116,2531
1589,334,2829,116,2531
1590,334,2829,116,2531
1591,334,2829,116,2531
1592,334,2829,116,2531
1593,334,2829,116,2531
1594,334,2829,116,2531
1595,334,2829,116,2531
1596,334,2829,116,2531
1597,334,2829,116,2531
1598,334,2829,116,2531
1599,334,2829,116,2531
1600,334,2829,116,2531
1601,334,2829,116,2531
1602,334,2829,116,2531
1603,334,2829,116,2531
1604,334,2829,116,2531
1605,334,2829,116,2531
1606,334,2829,116,2531
1607,334,2829,116,2531
1608,334,2829,116,2531
1609,334,2829,116,2531
1610,334,2829,116,2531
1611,334,2829,116,2531
1612,334,2829,116,2531
1613,334,2829,116,2531
1614,334,2829,116,2531
1615,334,2829,116,2531
1616,334,2829,116,2531
1617,334,2829,116,2531
1618,334,2829,116,2531
1619,334,2829,116,2531
1620,334,2829,116,2531
1621,334,2829,116,2531
1622,334,2829,116,2531
1623,334,2829,116,2531
1624,334,2829,116,2531
1625,334,2829,116,2531
1626,334,2829,116,2531
1627,334,2829,116,2531
1628,334,2829,116,2531
1629,334,2829,116,2531
1630,334,2829,116,2531
1631,334,2829,116,2531
1632,334,2829,116,2531
1633,334,2829,116,2531
1634,334,2829,116,2531
1635,334,2829,116,2531
1636,334,2829,116,2531
1637,334,2829,116,2531
1638,334,2829,116,2531
1639,334,2829,116,2531
1640,334,2829,116,2531
1641,334,2829,116,2531
1642,334,2829,116,2531
1643,334,2829,116,2531
1644,334,2829,116,2531
1645,334,2829,116,2531
1646,334,2829,116,2531
1647,334,2829,116,2531
1648,334,2829,116,2531
1649,334,2829,116,2531
1650,334,2829,116,2531
1651,334,2829,116,2531
1652,334,2829,116,2531
1653,334,2829,116,2531
1654,334,2829,116,2531
1655,334,2829,116,2531
1656,334,2829,116,2531
1657,334,2829,116,2531
1658,334,2829,116,2531
1659,334,2829,116,2531
1660,334,2829,116,2531
1661,334,2829,116,2531
1662,334,2829,116,2531
1663,334,2829,116,2531
1664,334,2829,116,2531
1665,334,2829,116,2531
1666,334,2829,116,2531
1667,334,2829,116,2531
1668,334,2829,116,2531
1669,334,2829,116,2531
1670,334,2829,116,2531
1671,334,2829,116,2531
1672,334,2829,116,2531
1673,334,2829,116,2531
1674,334,2829,116,2531
1675,334,2829,116,2531
1676,334,2829,116,2531
1677,334,2829,116,2531
1678,334,2829,116,2531
1679,334,2829,116,2531
1680,334,2829,116,2531
1681,334,2829,116,2531
1682,334,2829,116,2531
1683,334,2829,116,2531
1684,334,2829,116,2531
1685,334,2829,116,2531
1686,334,2829,116,2531
1687,334,2829,116,2531
1688,334,2829,116,2531
1689,334,2829,116,2531
1690,334,2829,116,2531
1691,334,2829,116,2531
1692,334,2829,116,2531
1693,334,2829,116,2531
1694,334,2829,116,2531
1695,334,2829,116,2531
1696,334,2829,116,2531
1697,334,2829,116,2531
1698,334,2829,116,2531
1699,334,2829,116,2531
1700,334,2829,116,2531
1701,334,2829,116,2531
1702,334,2829,116,2531
1703,334,2829,116,2531
1704,334,2829,116,2531
1705,334,2829,116,2531
1706,334,2829,116,2531
1707,334,2829,116,2531
1708,334,2829,116,2531
1709,334,2829,116,2531
1710,334,2829,116,2531
1711,334,2829,116,2531
1712,334,2829,116,2531
1713,334,2829,116,2531
1714,334,2829,116,2531
1715,334,2829,116,2531
1716,334,2829,116,2531
1717,334,2829,116,2531
1718,334,2829,116,2531
1719,334,2829,116,2531
1720,334,2829,116,2531
1721,334,2829,116,2531
1722,334,2829,116,2531
1723,334,2829,116,2531
1724,334,2829,116,2531
1725,334,2829,116,2531
1726,334,2829,116,2531
1727,334,2829,116,2531
1728,334,2829,116,2531
1729,334,2829,116,2531
1730,334,2829,116,2531
1731,334,2829,116,2531
1732,334,2829,116,2531
1733,334,2945,116,2647
1734,334,2945,116,2647
1735,334,2945,116,2647
1736,334,2945,116,2647
1737,381,2945,163,2647
1738,381,2945,163,2647
1739,381,2945,163,2647
1740,431,2945,213,2647
1741,431,2945,213,2647
1742,431,2945,213,2647
1743,431,2945,213,2647
1744,456,2901,238,2603
1745,456,2901,238,2603
1746,456,2901,238,2603
1747,456,2901,238,2603
1748,456,2901,238,2603
1749,489,2844,271,2546
1750,489,2844,271,2546
1751,489,2844,271,2546
1752,537,2844,319,2546
1753,537,2844,319,2546
1754,537,2844,319,2546
1755,537,2844,319,2546
1756,537,2844,319,2546
1757,537,2844,319,2546
1758,537,2844,319,2546
1759,537,2844,319,2546
1760,537,2844,319,2546
1761,537,2844,319,2546
1762,537,2844,319,2546
1763,537,2844,319,2546
1764,537,2844,319,2546
1765,537,2844,319,2546
1766,537,2844,319,2546
1767,537,2844,319,2546
1768,537,2844,319,2546
1769,537,2844,319,2546
1770,537,2844,319,2546
1771,537,2844,319,2546
1772,537,2844,319,2546
1773,537,2844,319,2546
1774,537,2844,319,2546
1775,537,2844,319,2546
1776,537,2844,319,2546
1777,493,2790,275,2492
1778,493,2790,275,2492
1779,493,2790,275,2492
1780,493,2790,275,2492
1781,493,2790,275,2492
1782,493,2790,275,2492
1783,493,2790,275,2492
1784,493,2790,275,2492
1785,493,2790,275,2492
1786,493,2790,275,2492
1787,493,2790,275,2492
1788,493,2790,275,2492
1789,493,2790,275,2492
1790,493,2790,275,2492
1791,493,2790,275,2492
1792,493,2790,275,2492
1793,493,2790,275,2492
1794,493,2790,275,2492
1795,493,2790,275,2492
1796,493,2790,275,2492
1797,493,2790,275,2492
1798,493,2790,275,2492
1799,493,2790,275,2492
1800,493,2790,275,2492
1801,493,2790,275,2492
1802,493,2790,275,2492
1803,493,2790,275,2492
1804,493,2790,275,2492
1805,493,2790,275,2492
1806,533,2743,315,2445
1807,533,2743,315,2445
1808,533,2743,315,2445
1809,533,2743,315,2445
1810,533,2743,315,2445
1811,590,2743,372,2445
