1,572,1289,679,1438
2,572,1289,679,1438
3,560,1289,679,1438
4,552,1289,679,1437
5,543,1289,679,1437
6,542,1289,679,1438
7,540,1289,679,1438
8,537,1289,679,1438
9,536,1289,679,1438
10,538,1289,679,1438
11,541,1289,679,1438
12,543,1289,679,1439
13,550,1289,679,1439
14,553,1289,679,1440
15,557,1289,679,1440
16,561,1289,679,1440
17,565,1289,679,1440
18,567,1289,679,1440
19,569,1289,679,1440
20,571,1289,679,1440
21,572,1289,679,1440
22,573,1289,679,1440
23,574,1289,679,1441
24,574,1289,679,1441
25,574,1289,683,1441
26,574,1289,687,1441
27,574,1289,692,1441
28,577,1289,699,1441
29,577,1289,706,1442
30,585,1289,711,1442
31,588,1289,717,1442
32,593,1289,721,1442
33,593,1289,722,1440
34,593,1289,723,1440
35,593,1289,739,1438
36,593,1289,745,1434
37,601,1289,770,1433
38,619,1289,782,1431
39,636,1290,793,1429
40,653,1291,796,1429
41,674,1292,813,1429
42,677,1292,823,1429
43,677,1292,829,1429
44,678,1292,837,1432
45,679,1292,841,1433
46,683,1294,851,1435
47,691,1293,860,1436
48,719,1294,871,1436
49,740,1294,883,1436
50,765,1292,893,1437
51,786,1289,905,1437
52,797,1286,915,1438
53,806,1287,928,1438
54,806,1290,939,1438
55,807,1292,951,1438
56,807,1293,963,1437
57,808,1289,975,1437
58,815,1289,984,1435
59,825,1287,999,1435
60,840,1287,1011,1434
61,861,1287,1019,1435
62,884,1285,1029,1435
63,906,1282,1040,1434
64,915,1277,1044,1432
65,924,1274,1051,1429
66,933,1271,1055,1426
67,942,1269,1060,1421
68,950,1266,1075,1417
69,956,1266,1092,1413
70,959,1266,1105,1410
71,959,1266,1108,1409
72,960,1267,1110,1408
73,961,1266,1110,1406
74,964,1260,1112,1405
75,977,1251,1117,1405
76,993,1241,1123,1405
77,1013,1233,1127,1405
78,1020,1225,1131,1403
79,1019,1223,1135,1400
80,1021,1223,1136,1395
81,1020,1223,1139,1392
82,1020,1223,1142,1389
83,1020,1223,1144,1385
84,1022,1222,1146,1381
85,1024,1222,1146,1379
86,1024,1222,1147,1379
87,1030,1222,1148,1379
88,1030,1222,1148,1380
89,1031,1222,1148,1380
90,1032,1222,1148,1382
91,1032,1222,1148,1383
92,1032,1222,1148,1384
93,1032,1222,1148,1386
94,1032,1221,1148,1386
95,1032,1218,1148,1386
96,1040,1209,1147,1385
97,1049,1202,1145,1381
98,1051,1199,1143,1377
99,1050,1199,1141,1373
100,1050,1199,1140,1371
101,1049,1199,1139,1368
102,1049,1198,1138,1360
103,1048,1198,1137,1358
104,1034,1198,1136,1354
105,1033,1198,1141,1354
106,1031,1198,1147,1354
107,1029,1198,1148,1357
108,1028,1198,1149,1371
109,1026,1198,1148,1380
110,1026,1198,1143,1386
111,1025,1199,1138,1388
112,1023,1199,1131,1389
113,1023,1200,1127,1393
114,1022,1202,1126,1400
115,1021,1209,1125,1405
116,1016,1222,1124,1407
117,1012,1230,1123,1412
118,999,1236,1120,1472
119,987,1243,1119,1471
120,983,1240,1116,1471
121,981,1239,1112,1471
122,981,1239,1108,1471
123,981,1239,1108,1471
124,980,1238,1107,1471
125,980,1237,1107,1466
126,980,1237,1109,1393
127,976,1222,1109,1389
128,980,1208,1109,1382
129,983,1200,1109,1377
130,984,1197,1111,1366
131,983,1196,1112,1357
132,983,1194,1111,1347
133,983,1194,1110,1346
134,983,1194,1110,1346
135,983,1194,1108,1346
136,981,1194,1104,1345
137,970,1194,1102,1338
138,958,1195,1099,1329
139,948,1194,1097,1325
140,940,1194,1095,1340
141,933,1194,1090,1344
142,931,1194,1090,1350
143,931,1194,1085,1359
144,923,1194,1073,1365
145,919,1194,1064,1372
146,916,1194,1057,1375
147,909,1194,1051,1378
148,904,1194,1045,1380
149,895,1194,1037,1381
150,891,1193,1032,1384
151,883,1193,1031,1388
152,875,1194,1031,1389
153,867,1195,1029,1394
154,857,1194,1025,1397
155,846,1196,1013,1399
156,836,1208,997,1404
157,826,1217,981,1409
158,814,1223,961,1431
159,806,1229,951,1417
160,800,1235,945,1415
161,795,1236,940,1408
162,790,1238,932,1399
163,780,1238,930,1399
164,770,1239,930,1395
165,765,1240,928,1401
166,762,1246,921,1414
167,758,1255,908,1414
168,748,1262,890,1426
169,732,1268,875,1434
170,718,1272,869,1442
171,710,1272,863,1444
172,709,1272,859,1443
173,702,1272,859,1444
174,700,1272,858,1443
175,696,1273,853,1444
176,691,1273,848,1443
177,687,1275,846,1443
178,683,1278,829,1443
179,680,1283,818,1443
180,676,1292,808,1443
181,674,1302,794,1443
182,672,1313,788,1443
183,668,1325,765,1443
184,663,1328,757,1443
185,649,1334,745,1443
186,627,1335,737,1443
187,607,1335,729,1457
188,595,1335,728,1467
189,584,1336,727,1472
190,581,1337,723,1479
191,580,1339,715,1480
192,579,1342,708,1480
193,579,1347,699,1480
194,579,1354,684,1481
195,579,1364,667,1481
196,579,1374,651,1481
197,577,1382,644,1482
198,577,1386,632,1482
199,577,1387,628,1482
200,577,1387,627,1482
201,575,1387,626,1481
202,574,1387,625,1481
203,572,1387,624,1482
204,572,1387,623,1483
205,568,1388,622,1483
206,568,1388,622,1476
207,568,1388,619,1473
208,561,1388,620,1473
209,554,1388,621,1479
210,548,1388,621,1480
211,545,1388,621,1480
212,535,1388,621,1480
213,518,1388,621,1480
214,516,1388,621,1480
215,513,1388,621,1481
216,513,1390,621,1480
217,513,1392,621,1480
218,513,1394,619,1480
219,513,1398,616,1480
220,507,1403,612,1484
221,504,1398,598,1481
222,503,1398,591,1481
223,506,1399,580,1481
224,489,1399,569,1486
225,473,1399,556,1501
226,458,1399,554,1505
227,435,1399,553,1507
228,425,1399,553,1507
229,421,1399,553,1507
230,419,1399,553,1508
231,419,1400,548,1509
232,419,1403,544,1511
233,419,1403,525,1511
234,403,1423,519,1511
235,384,1420,497,1511
236,380,1413,486,1511
237,378,1400,486,1511
238,375,1392,486,1511
239,381,1375,474,1511
240,384,1363,466,1511
241,358,1353,465,1511
242,360,1349,462,1511
243,349,1345,462,1511
244,348,1344,462,1510
245,348,1344,464,1507
246,340,1343,442,1504
247,335,1343,435,1490
248,331,1343,427,1476
249,331,1343,413,1469
250,319,1343,409,1455
251,308,1332,409,1454
252,298,1326,409,1453
253,295,1307,406,1449
254,284,1292,400,1435
255,282,1282,399,1429
256,270,1272,399,1423
257,266,1272,398,1418
258,263,1271,396,1414
259,252,1272,394,1408
260,251,1272,392,1405
261,247,1272,391,1400
262,238,1272,386,1396
263,235,1272,385,1388
264,234,1252,381,1383
265,237,1233,377,1380
266,240,1221,375,1375
267,243,1216,372,1373
268,250,1215,373,1371
269,251,1214,372,1365
270,253,1214,372,1361
271,253,1214,372,1359
272,241,1214,373,1357
273,241,1214,373,1355
274,235,1213,373,1353
275,231,1213,374,1349
276,231,1201,372,1346
277,229,1185,372,1341
278,226,1176,372,1337
279,219,1172,372,1328
280,214,1171,371,1321
281,208,1171,370,1313
282,209,1170,368,1306
283,210,1169,363,1303
284,213,1170,358,1297
285,215,1167,358,1292
286,216,1169,359,1284
287,218,1164,362,1277
288,220,1146,366,1270
289,221,1129,370,1264
290,223,1114,372,1257
291,224,1102,374,1249
292,225,1096,374,1244
293,228,1091,376,1231
294,230,1087,375,1222
295,230,1086,375,1214
296,232,1085,376,1210
297,233,1085,376,1206
298,234,1085,376,1196
299,235,1085,376,1185
300,236,1085,376,1173
301,237,1085,376,1165
302,238,1081,376,1158
303,238,1065,377,1150
304,239,1041,378,1139
305,239,1018,381,1137
306,239,1001,384,1135
307,242,992,387,1134
308,245,988,388,1134
309,241,985,387,1130
310,242,984,386,1124
311,244,984,386,1115
312,244,984,387,1103
313,246,984,388,1089
314,244,984,393,1073
315,245,983,398,1064
316,247,981,401,1060
317,248,962,401,1056
318,248,942,399,1049
319,244,928,394,1042
320,244,921,394,1040
321,245,917,392,1036
322,246,917,391,1035
323,247,917,392,1035
324,246,917,392,1034
325,250,917,392,1034
326,251,917,392,1033
327,257,917,392,1029
328,268,915,399,1029
329,273,915,404,1016
330,281,910,410,1010
331,284,913,417,1006
332,284,912,424,1006
333,289,915,430,1008
334,291,915,436,1008
335,293,916,441,1007
336,299,916,445,1016
337,303,916,447,1018
338,308,915,449,1020
339,313,912,450,1021
340,320,910,450,1021
341,327,909,450,1021
342,334,908,451,1019
343,341,906,450,1012
344,344,906,450,1011
345,351,907,450,1012
346,356,907,450,1015
347,363,907,450,1019
348,368,909,450,1022
349,373,909,455,1026
350,379,909,459,1029
351,384,909,464,1038
352,390,910,475,1045
353,395,910,488,1051
354,401,910,500,1053
355,406,911,508,1057
356,411,915,509,1069
357,417,921,510,1067
358,420,931,510,1073
359,427,943,510,1081
360,430,958,510,1087
361,436,971,515,1093
362,438,984,525,1101
363,443,997,531,1106
364,447,1006,539,1112
365,452,1006,557,1117
366,455,1005,573,1121
367,460,1006,582,1125
368,466,1006,586,1129
369,471,1009,587,1133
370,473,1015,589,1134
371,478,1025,595,1147
372,488,1036,601,1153
373,497,1049,603,1163
374,503,1061,608,1171
375,512,1068,615,1177
376,514,1068,619,1181
377,519,1068,624,1187
378,524,1069,625,1194
379,529,1070,631,1202
380,533,1070,630,1210
381,538,1071,628,1218
382,544,1072,633,1227
383,546,1078,636,1236
384,549,1086,632,1247
385,550,1094,630,1253
386,552,1111,631,1263
387,553,1126,631,1263
388,553,1142,632,1277
389,554,1158,633,1285
390,554,1165,633,1294
391,551,1167,638,1299
392,543,1167,638,1307
393,537,1169,637,1314
394,534,1170,639,1321
395,531,1172,640,1328
396,529,1173,642,1336
397,529,1188,644,1343
398,531,1193,645,1351
399,534,1209,645,1360
400,539,1220,646,1369
401,544,1235,647,1375
402,550,1252,647,1383
403,555,1266,647,1391
404,559,1266,648,1399
405,564,1266,648,1404
406,565,1266,647,1412
407,566,1267,647,1416
408,568,1267,646,1423
409,567,1270,645,1431
410,567,1272,642,1448
411,565,1279,642,1448
412,563,1289,642,1449
413,561,1300,640,1450
414,557,1311,641,1450
415,556,1325,642,1450
416,556,1335,643,1451
417,556,1348,643,1451
418,556,1355,644,1452
419,557,1355,644,1471
420,558,1355,644,1482
421,560,1355,639,1489
422,563,1355,638,1491
423,567,1355,638,1491
424,573,1355,638,1491
425,577,1355,638,1491
426,579,1355,638,1491
427,579,1357,638,1491
428,580,1360,638,1491
429,582,1363,638,1491
430,583,1367,638,1491
431,583,1371,638,1491
432,579,1374,638,1491
433,578,1378,638,1491
434,578,1382,638,1491
435,577,1388,638,1491
436,576,1391,638,1491
437,576,1390,638,1491
438,566,1389,638,1491
439,564,1389,638,1491
440,562,1389,638,1491
441,559,1389,638,1491
442,574,1389,638,1491
443,555,1389,638,1491
444,574,1389,638,1491
445,574,1389,638,1491
446,574,1389,638,1491
447,574,1389,638,1491
448,574,1389,638,1491
449,574,1389,638,1491
450,574,1389,638,1491
451,574,1389,638,1491
452,574,1389,638,1491
453,573,1389,638,1491
454,571,1389,638,1491
455,570,1389,638,1491
456,567,1389,638,1491
457,565,1389,638,1491
458,563,1389,638,1491
459,560,1389,638,1491
460,559,1389,638,1491
461,558,1389,638,1491
462,557,1389,638,1492
463,556,1389,638,1496
464,556,1389,638,1500
465,560,1389,638,1504
466,560,1389,638,1506
467,562,1389,638,1512
468,564,1389,638,1516
469,566,1389,638,1520
470,570,1389,638,1521
471,571,1389,638,1519
472,573,1389,638,1518
473,573,1389,638,1518
474,573,1389,638,1518
475,573,1389,638,1518
476,573,1389,638,1518
477,573,1389,638,1517
478,573,1389,638,1516
479,573,1389,638,1515
480,573,1389,638,1515
481,572,1389,638,1515
482,572,1389,638,1515
483,572,1389,638,1515
484,572,1389,638,1515
485,572,1389,638,1515
486,572,1389,639,1515
487,572,1389,641,1516
488,572,1389,642,1516
489,572,1389,642,1516
490,572,1389,643,1516
491,572,1389,644,1516
492,572,1389,644,1516
493,572,1389,647,1516
494,572,1389,649,1516
495,572,1389,650,1516
496,572,1389,650,1516
497,572,1389,650,1516
498,572,1389,650,1516
499,572,1389,650,1516
500,572,1389,650,1516
501,572,1389,650,1516
502,571,1389,650,1516
503,571,1389,650,1516
504,569,1389,650,1516
505,569,1389,650,1516
506,568,1389,650,1516
507,568,1389,650,1516
508,493,1389,650,1516
509,495,1389,650,1516
510,496,1389,650,1515
511,496,1389,647,1514
512,495,1389,644,1514
513,491,1389,644,1510
514,491,1389,653,1505
515,492,1389,657,1501
516,491,1389,657,1499
517,490,1389,663,1493
518,490,1389,666,1492
519,489,1389,670,1492
520,565,1389,682,1492
521,565,1389,685,1492
522,565,1389,687,1492
523,565,1389,689,1492
524,565,1389,689,1492
525,565,1389,691,1492
526,565,1389,693,1492
527,565,1389,694,1492
528,565,1389,695,1492
529,565,1389,696,1492
530,565,1389,696,1492
531,565,1389,696,1492
532,565,1389,696,1492
533,564,1389,696,1492
534,563,1389,696,1492
535,563,1389,696,1492
536,563,1389,697,1492
537,563,1389,697,1492
538,563,1389,697,1492
539,563,1389,697,1492
540,490,1389,697,1492
541,492,1389,693,1492
542,499,1389,687,1492
543,506,1389,679,1492
544,516,1389,666,1492
545,528,1389,657,1492
546,543,1389,648,1492
547,557,1389,640,1492
548,557,1389,640,1492
549,557,1389,642,1492
550,557,1389,646,1492
551,557,1389,647,1493
552,557,1389,648,1494
553,557,1389,649,1494
554,557,1389,649,1494
555,558,1389,649,1494
556,556,1389,649,1494
557,551,1389,649,1494
558,552,1389,649,1494
559,551,1389,649,1494
560,573,1389,649,1494
561,573,1389,649,1494
562,573,1389,649,1494
563,573,1389,649,1494
564,571,1389,649,1494
565,568,1389,649,1494
566,560,1390,649,1494
567,554,1391,649,1494
568,550,1393,649,1494
569,543,1393,649,1494
570,539,1394,649,1494
571,536,1394,649,1494
572,536,1393,649,1494
573,536,1392,649,1494
574,536,1391,649,1494
575,536,1391,649,1494
576,536,1391,649,1494
577,536,1391,649,1494
578,536,1391,649,1494
579,535,1391,646,1494
580,535,1391,641,1494
581,535,1391,636,1491
582,535,1391,635,1489
583,535,1391,635,1489
584,535,1391,635,1489
585,535,1391,635,1489
586,535,1391,635,1489
587,535,1391,635,1489
588,535,1391,635,1489
589,535,1391,635,1489
590,535,1391,635,1489
591,535,1391,635,1489
592,535,1391,635,1489
593,535,1391,635,1489
594,535,1390,635,1489
595,535,1390,635,1489
596,535,1390,635,1489
597,535,1390,635,1489
598,535,1390,635,1489
599,535,1390,635,1489
600,535,1390,635,1489
601,535,1390,635,1489
602,535,1390,635,1489
603,535,1390,635,1489
604,535,1390,635,1489
605,535,1390,635,1489
606,535,1390,635,1489
607,535,1390,635,1489
608,535,1390,635,1489
609,535,1390,635,1489
610,535,1390,635,1489
611,535,1390,635,1489
612,535,1390,635,1489
613,535,1390,635,1489
614,535,1390,635,1489
615,535,1390,635,1489
616,535,1391,635,1489
617,535,1389,635,1489
618,535,1389,635,1489
619,535,1389,635,1489
620,535,1389,635,1489
621,535,1389,635,1489
622,535,1389,635,1489
623,535,1389,635,1489
624,535,1389,635,1489
625,535,1389,635,1489
626,535,1389,635,1489
627,535,1389,635,1489
628,535,1389,635,1489
629,535,1389,635,1489
630,535,1389,635,1489
631,535,1389,635,1489
632,535,1389,635,1489
633,535,1389,635,1489
634,535,1389,635,1489
635,535,1389,635,1489
636,535,1389,635,1489
637,535,1389,635,1489
638,535,1389,635,1489
639,535,1389,635,1489
640,535,1389,635,1489
641,535,1389,635,1489
642,535,1389,635,1489
643,535,1389,635,1489
644,535,1389,635,1489
645,535,1389,635,1489
646,535,1389,635,1489
647,535,1389,635,1489
648,535,1389,635,1489
649,535,1389,635,1489
650,535,1389,635,1489
651,535,1389,635,1489
652,535,1389,635,1489
653,535,1389,635,1489
654,535,1389,635,1489
655,535,1389,635,1489
656,535,1389,635,1489
657,535,1389,635,1489
658,535,1389,635,1489
659,535,1389,635,1489
660,535,1389,635,1489
661,535,1389,635,1489
662,535,1389,635,1489
663,535,1389,635,1489
664,535,1389,635,1489
665,535,1389,635,1489
666,535,1389,635,1489
667,535,1389,635,1489
668,535,1389,635,1489
669,535,1389,635,1489
670,535,1389,635,1489
671,535,1389,635,1489
672,535,1389,635,1489
673,535,1389,635,1489
674,535,1389,635,1489
675,535,1389,635,1489
676,535,1389,635,1489
677,535,1389,635,1489
678,535,1389,635,1489
679,535,1389,635,1489
680,535,1389,635,1489
681,535,1389,635,1489
682,535,1389,635,1489
683,535,1389,635,1489
684,535,1389,635,1489
685,535,1389,635,1489
686,535,1389,635,1489
687,535,1389,635,1489
688,535,1389,635,1489
689,535,1389,635,1489
690,535,1389,635,1489
691,535,1389,635,1489
692,535,1389,635,1489
693,535,1389,635,1489
694,535,1389,635,1489
695,535,1389,635,1489
696,535,1389,635,1489
697,535,1389,635,1489
698,535,1389,635,1489
699,535,1389,635,1489
700,535,1389,635,1489
701,535,1389,635,1489
702,535,1389,635,1489
703,535,1389,635,1489
704,535,1389,635,1489
705,535,1389,635,1489
706,535,1389,635,1489
707,535,1389,635,1489
708,535,1389,635,1489
709,535,1389,635,1489
710,535,1389,635,1489
711,535,1389,635,1489
712,535,1389,635,1489
713,535,1389,635,1489
714,535,1389,635,1489
715,535,1389,635,1489
716,535,1389,635,1489
717,535,1389,635,1489
718,535,1389,635,1489
719,535,1389,635,1489
720,535,1389,635,1489
721,535,1389,635,1489
722,535,1389,635,1489
723,535,1389,635,1489
724,535,1389,635,1489
725,535,1389,635,1489
726,535,1389,635,1489
727,535,1389,635,1489
728,535,1389,635,1489
729,535,1389,635,1489
730,535,1389,635,1489
731,535,1389,635,1489
732,535,1389,635,1489
733,535,1389,635,1489
734,535,1389,635,1489
735,535,1389,635,1489
736,531,1389,635,1489
737,528,1389,635,1489
738,526,1389,635,1489
739,522,1389,635,1489
740,519,1389,635,1489
741,515,1389,635,1489
742,511,1389,635,1489
743,508,1389,635,1489
744,509,1389,635,1489
745,508,1389,635,1489
746,508,1389,635,1489
747,507,1389,635,1489
748,528,1389,635,1496
749,529,1389,635,1497
750,529,1389,635,1500
751,529,1389,635,1500
752,529,1389,635,1500
753,529,1389,635,1500
754,529,1389,635,1500
755,530,1389,635,1500
756,530,1389,635,1500
757,531,1389,635,1500
758,496,1389,635,1501
759,495,1389,635,1501
760,495,1389,635,1501
761,495,1389,635,1499
762,495,1389,635,1498
763,495,1389,635,1497
764,497,1389,635,1496
765,501,1389,635,1494
766,504,1389,635,1494
767,504,1389,635,1493
768,506,1389,635,1492
769,507,1389,635,1492
770,507,1389,635,1492
771,507,1389,635,1492
772,507,1389,635,1492
773,507,1389,635,1492
774,507,1389,635,1492
775,507,1389,635,1492
776,507,1389,635,1491
777,507,1389,635,1490
778,507,1389,635,1489
779,507,1389,635,1489
780,507,1389,635,1489
781,507,1389,635,1489
782,507,1389,635,1489
783,507,1389,635,1489
784,507,1389,635,1489
785,507,1389,635,1489
786,507,1389,635,1489
787,507,1389,635,1489
788,507,1389,635,1488
789,507,1389,635,1488
790,513,1389,635,1488
791,516,1389,635,1488
792,518,1389,635,1488
793,518,1389,635,1488
794,519,1389,635,1488
795,520,1389,635,1488
796,521,1389,635,1488
797,513,1389,635,1488
798,514,1389,635,1488
799,514,1389,635,1488
800,514,1389,635,1488
801,514,1389,635,1488
802,515,1389,635,1488
803,515,1389,635,1488
804,510,1389,635,1488
805,507,1389,635,1488
806,506,1389,635,1488
807,506,1389,635,1488
808,506,1389,635,1488
809,506,1389,635,1488
810,507,1389,635,1488
811,508,1389,635,1488
812,509,1389,635,1488
813,515,1389,637,1488
814,519,1389,642,1488
815,523,1389,646,1487
816,527,1389,649,1486
817,529,1389,648,1486
818,530,1389,649,1486
819,538,1389,649,1486
820,538,1389,649,1486
821,538,1389,649,1486
822,538,1389,649,1486
823,538,1389,649,1486
824,538,1389,649,1486
825,538,1389,654,1486
826,538,1389,660,1486
827,538,1389,665,1486
828,538,1389,671,1486
829,539,1390,677,1486
830,541,1391,680,1486
831,547,1392,689,1486
832,557,1392,692,1485
833,563,1392,699,1483
834,568,1392,715,1481
835,580,1392,721,1485
836,585,1393,734,1489
837,597,1393,747,1493
838,600,1393,731,1494
839,599,1393,742,1495
840,600,1393,750,1497
841,600,1394,756,1497
842,603,1397,756,1496
843,609,1400,757,1497
844,621,1400,758,1497
845,640,1400,756,1497
846,658,1395,771,1497
847,688,1389,809,1497
848,700,1386,816,1497
849,700,1383,829,1497
850,702,1382,848,1497
851,704,1380,859,1497
852,704,1375,860,1497
853,707,1372,860,1497
854,711,1372,865,1497
855,723,1372,907,1496
856,732,1372,910,1491
857,752,1372,927,1483
858,770,1368,938,1477
859,790,1362,947,1477
860,817,1358,953,1472
861,838,1351,964,1467
862,845,1346,968,1462
863,853,1342,978,1454
864,860,1340,998,1443
865,868,1339,1017,1443
866,881,1337,1030,1443
867,889,1336,1039,1443
868,889,1332,1044,1443
869,890,1330,1045,1443
870,892,1329,1045,1459
871,897,1329,1045,1471
872,908,1324,1049,1465
873,925,1310,1055,1463
874,944,1298,1061,1461
875,960,1287,1065,1460
876,961,1281,1070,1449
877,965,1273,1072,1449
878,972,1270,1076,1448
879,976,1268,1080,1448
880,979,1267,1083,1448
881,981,1267,1088,1447
882,981,1267,1091,1448
883,983,1267,1095,1439
884,985,1266,1098,1437
885,988,1266,1102,1436
886,992,1266,1106,1465
887,990,1264,1109,1465
888,998,1260,1112,1465
889,998,1255,1113,1465
890,1001,1253,1115,1465
891,1003,1252,1115,1465
892,1003,1252,1115,1465
893,1003,1252,1115,1465
894,1003,1252,1116,1465
895,1003,1252,1116,1464
896,1003,1252,1116,1464
897,1003,1251,1116,1464
898,1006,1251,1116,1464
899,1007,1251,1116,1464
900,1007,1251,1116,1464
901,1007,1251,1116,1465
902,1011,1251,1118,1465
903,1012,1251,1120,1464
904,1012,1250,1121,1462
905,1013,1244,1121,1462
906,1014,1241,1121,1462
907,1015,1240,1120,1462
908,1014,1240,1119,1462
909,1014,1240,1119,1464
910,1013,1240,1116,1465
911,1006,1242,1115,1465
912,991,1244,1114,1464
913,986,1243,1112,1464
914,984,1242,1113,1463
915,983,1241,1113,1463
916,981,1240,1113,1463
917,979,1239,1113,1400
918,979,1239,1113,1400
919,978,1239,1113,1400
920,978,1239,1113,1397
921,978,1239,1107,1393
922,978,1239,1100,1394
923,978,1239,1095,1397
924,977,1240,1097,1400
925,977,1240,1099,1403
926,977,1240,1100,1408
927,977,1240,1101,1411
928,977,1240,1102,1419
929,979,1242,1105,1429
930,983,1244,1107,1471
931,993,1248,1108,1472
932,1009,1249,1108,1472
933,1014,1253,1108,1471
934,1014,1253,1108,1471
935,1013,1254,1109,1391
936,1013,1254,1111,1390
937,1013,1254,1113,1382
938,1017,1255,1116,1376
939,1018,1255,1118,1382
940,1018,1255,1124,1382
941,1019,1253,1126,1400
942,1018,1244,1128,1401
943,1018,1220,1130,1402
944,1017,1201,1131,1401
945,1016,1190,1131,1400
946,1016,1173,1137,1398
947,1012,1159,1147,1383
948,1009,1149,1151,1377
949,1006,1140,1158,1361
950,1005,1140,1160,1343
951,993,1140,1165,1331
952,990,1139,1169,1316
953,987,1139,1163,1308
954,987,1138,1161,1305
955,990,1138,1157,1304
956,992,1138,1156,1304
957,996,1138,1155,1304
958,1001,1138,1152,1305
959,1005,1138,1147,1305
960,1009,1138,1139,1306
961,1012,1138,1138,1310
962,1014,1140,1138,1316
963,1013,1142,1137,1321
964,1014,1143,1138,1323
965,1015,1145,1139,1326
966,1019,1147,1137,1330
967,1018,1147,1134,1335
968,1016,1145,1131,1337
969,1014,1143,1130,1340
970,1012,1142,1129,1342
971,1007,1146,1124,1345
972,1004,1163,1115,1347
973,1004,1173,1113,1349
974,1002,1191,1104,1350
975,987,1207,1104,1352
976,964,1221,1104,1355
977,943,1225,1104,1359
978,933,1234,1103,1361
979,929,1240,1095,1363
980,927,1246,1082,1365
981,908,1255,1061,1368
982,891,1255,1038,1373
983,878,1256,1009,1377
984,871,1256,998,1379
985,860,1256,987,1387
986,845,1256,970,1390
987,819,1254,949,1392
988,799,1252,925,1395
989,786,1246,902,1412
990,783,1244,890,1409
991,745,1244,876,1413
992,715,1254,864,1411
993,704,1257,854,1407
994,692,1256,840,1410
995,683,1254,829,1408
996,681,1253,826,1405
997,681,1253,822,1404
998,681,1253,817,1394
999,681,1253,811,1393
1000,681,1253,809,1394
1001,682,1247,810,1394
1002,676,1246,810,1393
1003,675,1242,810,1393
1004,675,1242,810,1393
1005,675,1242,810,1393
1006,675,1242,810,1394
1007,675,1242,811,1394
1008,675,1242,811,1394
1009,675,1242,811,1394
1010,675,1242,820,1395
1011,676,1242,832,1400
1012,682,1242,845,1401
1013,698,1239,857,1403
1014,716,1232,869,1405
1015,715,1225,878,1404
1016,711,1222,890,1401
1017,710,1220,899,1413
1018,710,1215,902,1432
1019,712,1211,902,1433
1020,725,1205,895,1433
1021,729,1204,895,1428
1022,733,1206,893,1431
1023,735,1215,894,1438
1024,735,1227,892,1442
1025,733,1240,892,1442
1026,732,1260,892,1442
1027,730,1279,892,1442
1028,727,1301,865,1442
1029,725,1319,861,1442
1030,723,1320,854,1442
1031,722,1320,849,1442
1032,722,1320,848,1460
1033,718,1320,847,1477
1034,714,1322,847,1491
1035,712,1328,846,1496
1036,712,1342,842,1501
1037,721,1359,838,1505
1038,734,1376,832,1506
1039,736,1391,822,1506
1040,736,1407,825,1506
1041,733,1414,815,1506
1042,730,1414,802,1514
1043,725,1415,788,1536
1044,688,1415,787,1553
1045,686,1415,786,1563
1046,670,1417,785,1567
1047,660,1423,783,1571
1048,654,1427,775,1574
1049,653,1437,770,1574
1050,652,1437,756,1574
1051,651,1437,740,1574
1052,644,1447,720,1573
1053,639,1451,713,1573
1054,630,1454,709,1573
1055,622,1458,703,1573
1056,606,1461,697,1583
1057,597,1464,695,1591
1058,595,1468,695,1595
1059,595,1472,695,1598
1060,595,1474,693,1598
1061,595,1477,691,1598
1062,594,1479,688,1597
1063,594,1481,683,1597
1064,586,1482,677,1598
1065,580,1481,673,1597
1066,577,1485,668,1597
1067,573,1485,658,1603
1068,573,1485,647,1608
1069,579,1482,640,1613
1070,571,1485,637,1618
1071,556,1486,637,1620
1072,546,1493,637,1621
1073,537,1492,637,1620
1074,525,1492,637,1618
1075,523,1486,637,1615
1076,521,1488,637,1613
1077,522,1488,634,1611
1078,522,1492,634,1611
1079,521,1493,625,1610
1080,519,1496,621,1610
1081,517,1488,616,1608
1082,487,1488,607,1608
1083,480,1466,590,1608
1084,474,1465,572,1608
1085,471,1462,568,1608
1086,464,1461,566,1608
1087,457,1461,566,1608
1088,454,1461,566,1608
1089,445,1449,565,1607
1090,442,1447,565,1607
1091,442,1448,564,1607
1092,427,1445,563,1608
1093,424,1444,562,1608
1094,422,1440,550,1607
1095,420,1438,531,1593
1096,416,1436,518,1590
1097,413,1437,509,1584
1098,405,1437,486,1572
1099,401,1436,480,1561
1100,397,1435,479,1559
1101,388,1425,479,1559
1102,378,1410,478,1559
1103,374,1398,477,1558
1104,374,1391,476,1556
1105,374,1382,475,1553
1106,368,1383,473,1550
1107,361,1383,466,1540
1108,362,1382,460,1524
1109,362,1381,452,1514
1110,361,1380,440,1504
1111,359,1380,438,1498
1112,350,1365,435,1489
1113,328,1338,427,1488
1114,326,1315,426,1488
1115,321,1300,426,1488
1116,318,1291,426,1488
1117,315,1284,427,1488
1118,313,1281,427,1482
1119,310,1276,423,1477
1120,302,1276,418,1462
1121,300,1276,411,1414
1122,299,1276,406,1407
1123,296,1275,400,1403
1124,293,1276,395,1391
1125,291,1274,386,1385
1126,288,1248,380,1380
1127,285,1224,379,1370
1128,283,1210,379,1362
1129,281,1201,380,1354
1130,278,1194,379,1344
1131,275,1188,378,1335
1132,273,1187,376,1325
1133,269,1187,374,1320
1134,265,1186,370,1311
1135,261,1186,364,1304
1136,260,1186,361,1297
1137,258,1186,359,1289
1138,256,1170,361,1280
1139,255,1144,362,1272
1140,253,1122,364,1263
1141,254,1105,364,1255
1142,254,1096,363,1246
1143,255,1090,361,1237
1144,256,1084,361,1228
1145,256,1083,361,1222
1146,256,1083,360,1211
1147,257,1083,360,1205
1148,257,1083,359,1198
1149,257,1083,357,1191
1150,254,1083,355,1186
1151,254,1071,353,1182
1152,254,1043,353,1179
1153,255,1024,353,1179
1154,258,1012,364,1179
1155,268,1005,369,1178
1156,273,999,370,1175
1157,276,996,370,1172
1158,274,995,370,1169
1159,269,994,370,1169
1160,266,994,370,1167
1161,262,994,370,1158
1162,257,994,370,1138
1163,253,994,370,1127
1164,250,994,370,1120
1165,246,994,370,1116
1166,242,991,370,1116
1167,240,977,369,1116
1168,239,968,369,1113
1169,237,962,369,1105
1170,234,959,369,1093
1171,232,957,369,1089
1172,230,957,369,1085
1173,228,956,369,1086
1174,226,956,369,1084
1175,223,956,369,1083
1176,223,956,369,1082
1177,222,956,369,1072
1178,222,955,369,1073
1179,222,955,369,1071
1180,221,955,369,1072
1181,220,955,369,1074
1182,217,954,369,1075
1183,217,953,369,1075
1184,219,953,369,1074
1185,220,953,369,1073
1186,222,953,369,1073
1187,223,953,371,1072
1188,223,954,377,1071
1189,225,954,385,1070
1190,228,954,392,1073
1191,237,954,396,1072
1192,245,954,399,1072
1193,257,954,401,1070
1194,260,954,401,1067
1195,265,954,401,1068
1196,269,954,402,1070
1197,272,954,402,1070
1198,276,954,402,1079
1199,280,954,402,1080
1200,284,954,402,1083
1201,287,954,402,1086
1202,289,956,402,1092
1203,291,958,403,1097
1204,291,958,403,1109
1205,292,958,404,1113
1206,294,964,404,1110
1207,295,966,412,1107
1208,297,970,417,1102
1209,299,974,432,1095
1210,299,977,432,1095
1211,299,980,431,1103
1212,303,984,431,1104
1213,303,986,428,1106
1214,305,986,422,1108
1215,306,986,416,1108
1216,306,987,403,1111
1217,305,987,402,1113
1218,306,987,402,1111
1219,306,987,402,1112
1220,306,987,402,1113
1221,303,987,402,1116
1222,304,987,402,1116
1223,303,987,402,1117
1224,302,987,402,1116
1225,301,987,402,1116
1226,300,987,402,1114
1227,298,987,402,1110
1228,296,987,402,1105
1229,294,987,402,1104
1230,292,987,402,1103
1231,290,987,402,1106
1232,288,987,402,1108
1233,287,987,402,1108
1234,286,987,402,1109
1235,286,990,402,1109
1236,283,992,402,1110
1237,281,995,402,1112
1238,280,997,402,1112
1239,279,999,402,1113
1240,278,1002,403,1113
1241,278,1005,406,1113
1242,278,1011,410,1114
1243,278,1018,413,1114
1244,278,1018,415,1114
1245,278,1018,415,1114
1246,278,1018,415,1114
1247,279,1018,415,1114
1248,281,1018,415,1114
1249,282,1018,415,1115
1250,284,1018,415,1115
1251,285,1020,415,1115
1252,287,1021,415,1115
1253,288,1021,415,1116
1254,289,1021,415,1116
1255,289,1021,415,1116
1256,290,1021,415,1116
1257,291,1021,415,1116
1258,291,1021,415,1116
1259,292,1021,415,1116
1260,293,1021,415,1116
1261,293,1021,415,1116
1262,294,1021,415,1116
1263,295,1021,415,1116
1264,296,1021,415,1116
1265,296,1021,415,1116
1266,297,1021,415,1116
1267,297,1021,415,1115
1268,297,1021,415,1115
1269,296,1021,415,1115
1270,297,1021,415,1115
1271,297,1021,415,1115
1272,297,1021,415,1115
1273,297,1021,415,1115
1274,297,1021,415,1115
1275,297,1021,415,1115
1276,297,1021,415,1115
1277,297,1021,415,1115
1278,297,1021,415,1115
1279,297,1021,415,1115
1280,297,1021,415,1116
1281,297,1021,415,1116
1282,297,1021,415,1116
1283,297,1021,415,1117
1284,297,1021,415,1117
1285,297,1021,415,1117
1286,297,1021,415,1117
1287,297,1021,415,1117
1288,297,1021,415,1118
1289,297,1021,415,1118
1290,297,1021,415,1118
1291,297,1021,415,1118
1292,297,1021,415,1118
1293,296,1021,415,1118
1294,296,1021,415,1118
1295,296,1021,415,1118
1296,296,1021,415,1118
1297,296,1021,415,1118
1298,296,1021,415,1119
1299,296,1021,415,1119
1300,296,1021,415,1121
1301,296,1021,415,1125
1302,288,1021,415,1125
1303,285,1021,415,1129
1304,284,1021,415,1131
1305,281,1021,415,1130
1306,274,1022,415,1130
1307,271,1022,415,1129
1308,264,1022,415,1127
1309,261,1022,415,1126
1310,256,1023,414,1124
1311,251,1023,414,1123
1312,249,1023,414,1124
1313,247,1023,414,1127
1314,246,1023,414,1128
1315,240,1023,414,1134
1316,238,1023,414,1138
1317,234,1023,414,1143
1318,230,1023,414,1147
1319,230,1023,414,1150
1320,229,1023,414,1151
1321,227,1023,414,1158
1322,227,1023,414,1162
1323,228,1023,414,1163
1324,229,1023,414,1167
1325,233,1023,414,1176
1326,244,1023,424,1166
1327,249,1028,428,1168
1328,253,1029,432,1167
1329,257,1029,434,1168
1330,262,1029,435,1164
1331,265,1029,435,1156
1332,268,1029,435,1151
1333,269,1029,438,1145
1334,272,1029,450,1138
1335,274,1029,453,1131
1336,276,1030,454,1129
1337,277,1030,459,1128
1338,278,1031,462,1128
1339,280,1032,464,1128
1340,280,1035,474,1129
1341,282,1038,478,1128
1342,282,1040,483,1129
1343,284,1041,485,1130
1344,285,1041,485,1130
1345,285,1041,483,1131
1346,286,1041,481,1132
1347,288,1041,479,1133
1348,289,1041,474,1134
1349,290,1041,474,1134
1350,290,1041,467,1140
1351,290,1041,467,1145
1352,291,1041,466,1147
1353,292,1041,463,1149
1354,292,1041,463,1146
1355,295,1041,463,1141
1356,295,1042,463,1140
1357,296,1042,463,1138
1358,296,1042,462,1138
1359,296,1042,461,1138
1360,296,1042,461,1138
1361,296,1042,461,1144
1362,296,1042,461,1147
1363,296,1042,463,1153
1364,295,1042,465,1153
1365,295,1042,466,1157
1366,294,1042,466,1159
1367,292,1042,467,1161
1368,291,1033,464,1160
1369,289,1031,464,1160
1370,288,1025,459,1157
1371,287,1022,457,1156
1372,285,1019,454,1155
1373,283,1017,451,1152
1374,280,1017,450,1148
1375,276,1014,449,1146
1376,274,1014,447,1144
1377,273,1012,443,1144
1378,269,1012,439,1143
1379,266,1012,436,1143
1380,263,1012,435,1141
1381,260,1012,435,1141
1382,258,1012,435,1141
1383,255,1012,435,1140
1384,253,1012,435,1140
1385,253,1012,436,1140
1386,250,1011,437,1141
1387,249,1011,437,1140
1388,247,1011,435,1138
1389,247,1011,428,1136
1390,244,1010,422,1134
1391,243,1010,416,1132
1392,242,1001,409,1130
1393,242,994,402,1127
1394,241,986,399,1125
1395,241,977,394,1121
1396,247,969,392,1116
1397,249,963,387,1113
1398,252,957,382,1093
1399,256,952,378,1090
1400,259,948,374,1086
1401,265,944,367,1078
1402,266,941,367,1073
1403,270,939,367,1065
1404,270,938,366,1060
1405,271,937,366,1059
1406,271,937,366,1059
1407,270,936,366,1059
1408,269,936,366,1059
1409,268,937,366,1059
1410,268,937,365,1057
1411,267,937,361,1054
1412,266,937,359,1049
1413,265,937,356,1045
1414,265,937,355,1044
1415,265,936,355,1043
1416,264,936,355,1041
1417,264,936,355,1037
1418,264,936,355,1032
1419,264,936,355,1030
1420,264,936,355,1029
1421,264,936,355,1029
1422,264,936,355,1029
1423,264,936,355,1029
1424,264,936,355,1029
1425,264,936,355,1029
1426,264,936,355,1029
1427,264,936,355,1029
1428,264,936,355,1029
1429,264,935,355,1029
1430,264,935,355,1029
1431,264,935,355,1029
1432,264,935,355,1029
1433,265,935,355,1029
1434,265,935,355,1029
1435,266,935,355,1029
1436,266,935,355,1022
1437,266,935,355,1020
1438,267,935,355,1020
1439,267,935,355,1022
1440,268,935,355,1022
1441,268,935,355,1024
1442,269,936,355,1026
1443,271,936,355,1030
1444,272,936,355,1036
1445,274,936,355,1041
1446,276,936,357,1043
1447,276,936,358,1044
1448,279,936,359,1050
1449,279,937,360,1053
1450,280,937,360,1060
1451,282,938,361,1063
1452,282,942,365,1068
1453,282,944,368,1071
1454,278,947,371,1075
1455,272,951,373,1077
1456,271,955,383,1077
1457,272,960,394,1080
1458,272,964,405,1080
1459,273,969,412,1081
1460,273,975,415,1085
1461,277,976,415,1086
1462,278,976,415,1085
1463,280,976,415,1084
1464,283,976,416,1085
1465,286,976,416,1086
1466,289,975,416,1087
1467,290,975,416,1088
1468,295,975,416,1089
1469,298,975,416,1090
1470,299,975,416,1091
1471,299,975,416,1091
1472,299,975,416,1090
1473,299,975,416,1090
1474,299,975,416,1090
1475,297,975,416,1090
1476,295,976,416,1090
1477,294,976,416,1090
1478,292,976,416,1090
1479,288,976,416,1093
1480,285,976,416,1093
1481,283,976,416,1093
1482,282,976,416,1093
1483,282,976,416,1095
1484,278,976,416,1096
1485,277,976,416,1096
1486,276,976,416,1096
1487,275,976,416,1097
1488,276,977,414,1099
1489,277,977,410,1102
1490,279,977,407,1103
1491,284,977,406,1106
1492,287,977,405,1109
1493,290,977,403,1112
1494,291,977,402,1115
1495,293,977,402,1118
1496,296,982,402,1120
1497,296,988,402,1123
1498,297,993,402,1126
1499,297,999,401,1128
1500,296,1005,401,1131
1501,295,1014,401,1135
1502,291,1017,401,1139
1503,288,1020,401,1140
1504,287,1020,401,1142
1505,284,1022,401,1142
1506,281,1023,401,1145
1507,278,1024,401,1146
1508,274,1024,401,1147
1509,271,1024,401,1149
1510,270,1013,403,1150
1511,269,1008,404,1150
1512,268,1003,406,1152
1513,270,999,408,1152
1514,271,998,408,1150
1515,272,997,408,1150
1516,274,996,409,1148
1517,274,996,409,1147
1518,276,996,409,1144
1519,276,997,409,1143
1520,277,997,409,1142
1521,278,997,409,1140
1522,278,997,409,1140
1523,279,997,409,1139
1524,279,997,409,1138
1525,279,997,409,1138
1526,279,997,409,1137
1527,279,997,409,1137
1528,279,997,409,1137
1529,279,997,409,1136
1530,279,997,409,1136
1531,279,997,409,1136
1532,279,997,409,1136
1533,279,997,409,1136
1534,279,997,409,1136
1535,279,997,409,1136
1536,279,997,409,1136
1537,279,997,409,1137
1538,279,997,409,1137
1539,279,997,409,1137
1540,278,997,409,1137
1541,277,997,409,1138
1542,277,997,409,1138
1543,277,997,409,1138
1544,276,997,409,1139
1545,276,997,409,1139
1546,276,997,409,1139
1547,275,997,409,1140
1548,275,997,409,1140
1549,274,997,409,1141
1550,274,997,409,1141
1551,274,997,409,1142
1552,273,997,409,1143
1553,273,997,409,1143
1554,273,997,409,1143
1555,273,997,409,1143
1556,274,997,409,1143
1557,274,997,409,1143
1558,274,997,409,1143
1559,275,997,409,1144
1560,275,997,409,1144
1561,275,997,409,1144
1562,275,997,409,1145
1563,275,997,409,1145
1564,276,997,409,1145
1565,276,997,409,1145
1566,276,997,409,1145
1567,276,997,409,1145
1568,277,997,409,1146
1569,277,997,409,1146
1570,277,997,409,1146
1571,277,997,409,1146
1572,277,997,409,1146
1573,277,997,409,1146
1574,277,997,409,1146
1575,277,997,409,1146
1576,277,997,409,1146
1577,277,997,409,1146
1578,277,997,409,1146
1579,277,997,409,1146
1580,277,997,409,1146
1581,277,997,409,1146
1582,277,997,409,1146
1583,277,997,409,1146
1584,277,997,409,1146
1585,277,997,409,1146
1586,277,997,409,1146
1587,277,997,409,1146
1588,277,997,409,1146
1589,277,997,409,1146
1590,277,997,409,1146
1591,277,997,409,1146
1592,277,997,409,1146
1593,277,997,409,1146
1594,277,997,409,1146
1595,277,997,409,1146
1596,277,997,409,1146
1597,277,997,409,1146
1598,277,997,409,1146
1599,277,997,409,1146
1600,277,997,409,1146
1601,277,997,409,1146
1602,277,997,409,1146
1603,277,997,409,1146
1604,277,997,409,1146
1605,277,997,409,1146
1606,277,997,409,1146
1607,277,997,409,1146
1608,277,997,409,1146
1609,277,997,409,1146
1610,277,997,409,1146
1611,277,997,409,1146
1612,277,997,409,1146
1613,277,997,409,1146
1614,277,997,409,1146
1615,277,997,409,1146
1616,277,997,409,1146
1617,277,997,409,1146
1618,277,997,409,1146
1619,277,997,409,1146
1620,277,997,409,1146
1621,277,997,409,1149
1622,277,997,409,1149
1623,275,997,409,1151
1624,274,997,409,1152
1625,274,998,409,1153
1626,274,999,409,1154
1627,273,1004,409,1155
1628,273,1013,407,1157
1629,274,1024,407,1159
1630,275,1037,412,1161
1631,278,1038,417,1162
1632,282,1039,422,1163
1633,282,1039,423,1164
1634,282,1039,425,1164
1635,283,1040,433,1165
1636,283,1042,445,1164
1637,284,1043,455,1164
1638,284,1043,463,1164
1639,285,1044,467,1165
1640,286,1046,471,1166
1641,286,1048,472,1166
1642,286,1049,472,1165
1643,288,1053,469,1164
1644,300,1053,463,1164
1645,314,1046,461,1164
1646,324,1046,458,1164
1647,328,1041,456,1161
1648,327,1039,453,1160
1649,327,1035,452,1155
1650,329,1017,458,1150
1651,330,999,467,1144
1652,332,989,469,1137
1653,336,988,469,1128
1654,337,989,469,1123
1655,338,988,469,1112
1656,339,987,469,1104
1657,346,982,470,1093
1658,357,972,469,1085
1659,359,964,469,1075
1660,358,953,468,1067
1661,358,944,468,1058
1662,360,934,472,1048
1663,363,904,473,1042
1664,364,877,489,1035
1665,367,853,490,1031
1666,370,833,495,1024
1667,371,822,496,1013
1668,371,819,499,1002
1669,371,816,498,994
1670,371,814,496,984
1671,371,815,498,981
1672,369,815,498,971
1673,368,815,490,960
1674,366,815,490,953
1675,364,816,487,947
1676,362,815,484,946
1677,360,816,480,942
1678,357,814,474,939
1679,353,814,468,939
1680,350,809,467,938
1681,346,807,467,937
1682,344,806,467,937
1683,342,805,466,937
1684,340,805,459,936
1685,339,805,449,936
1686,338,806,449,936
1687,337,805,451,937
1688,337,806,453,937
1689,337,807,457,937
1690,337,808,459,934
1691,338,808,461,935
1692,338,808,464,935
1693,338,807,467,940
1694,338,807,466,944
1695,338,807,465,951
1696,337,807,466,956
1697,338,808,463,964
1698,338,808,465,971
1699,339,810,465,979
1700,340,816,465,990
1701,344,828,467,999
1702,349,844,466,1009
1703,352,860,468,1020
1704,355,879,470,1030
1705,359,904,472,1042
1706,359,905,474,1049
1707,364,905,476,1061
1708,369,905,478,1072
1709,372,906,483,1082
1710,377,907,484,1091
1711,383,912,486,1103
1712,387,924,494,1118
1713,388,945,497,1130
1714,391,963,501,1142
1715,392,986,499,1159
1716,392,1008,498,1170
1717,395,1032,493,1183
1718,396,1035,495,1196
1719,397,1043,497,1209
1720,398,1054,501,1218
1721,399,1069,506,1226
1722,403,1081,506,1235
1723,410,1101,513,1242
1724,417,1122,523,1251
1725,418,1122,537,1259
1726,418,1122,550,1270
1727,418,1125,564,1281
1728,420,1132,573,1289
1729,421,1145,579,1299
1730,429,1159,580,1308
1731,446,1180,595,1318
1732,469,1203,615,1326
1733,493,1223,632,1335
1734,519,1230,647,1344
1735,537,1228,659,1354
1736,546,1227,671,1366
1737,558,1221,677,1375
1738,575,1240,689,1385
1739,594,1244,701,1390
1740,606,1249,722,1393
1741,619,1252,737,1397
1742,634,1255,764,1401
1743,640,1273,794,1404
1744,651,1280,811,1404
1745,660,1279,820,1405
1746,662,1279,820,1408
1747,663,1279,820,1407
1748,668,1279,820,1407
1749,670,1279,820,1406
1750,676,1280,822,1407
1751,690,1279,823,1407
1752,703,1270,826,1407
1753,713,1266,839,1406
1754,713,1257,849,1404
1755,713,1252,851,1401
1756,713,1249,852,1398
1757,713,1247,852,1396
1758,713,1247,852,1393
1759,713,1247,853,1393
1760,713,1247,857,1392
1761,715,1247,857,1391
1762,716,1247,865,1391
1763,722,1246,867,1391
1764,732,1246,870,1391
1765,745,1246,873,1391
1766,756,1246,873,1392
1767,763,1241,872,1391
1768,762,1237,872,1391
1769,760,1233,871,1388
1770,758,1231,871,1387
1771,757,1231,871,1387
1772,754,1229,869,1387
1773,753,1229,867,1387
1774,751,1229,865,1387
1775,750,1229,863,1387
1776,751,1229,862,1388
1777,752,1228,862,1389
1778,753,1228,862,1391
1779,754,1228,862,1393
1780,755,1228,864,1396
1781,756,1228,865,1397
1782,757,1230,865,1400
1783,758,1231,867,1403
1784,759,1232,868,1406
1785,760,1234,871,1410
1786,760,1239,874,1412
1787,760,1249,878,1415
1788,761,1258,882,1422
1789,761,1269,883,1426
1790,762,1285,883,1435
1791,762,1297,890,1442
1792,763,1310,890,1442
1793,762,1311,890,1442
1794,762,1311,890,1442
1795,761,1311,889,1454
1796,760,1312,889,1470
1797,761,1312,888,1484
1798,761,1312,889,1493
1799,777,1312,890,1498
1800,794,1315,890,1504
1801,798,1320,889,1507
1802,798,1329,886,1507
1803,799,1339,867,1507
1804,798,1355,866,1508
1805,797,1366,866,1508
1806,797,1379,860,1508
1807,797,1389,861,1508
1808,783,1404,862,1508
1809,784,1406,885,1514
1810,786,1406,885,1534
1811,793,1406,885,1545
