1,207,178,19
2,196,180,21
3,178,183,21
4,178,184,21
5,157,175,23
6,151,175,23
7,138,175,23
8,132,176,23
9,123,177,21
10,116,182,21
11,106,187,21
12,106,195,21
13,96,198,24
14,96,208,24
15,90,215,24
16,90,225,24
17,90,233,24
18,90,242,24
19,90,253,24
20,97,270,24
21,103,286,24
22,109,299,24
23,116,316,21
24,116,411,21
25,127,519,21
26,135,635,21
27,144,756,21
28,160,881,20
29,166,1008,20
30,180,1135,20
31,197,1259,20
32,209,1377,20
33,0,0,0
34,0,0,0
35,0,0,0
36,0,0,0
37,0,0,0
38,0,0,0
39,0,0,0
40,0,0,0
41,0,0,0
42,0,0,0
43,0,0,0
44,0,0,0
45,0,0,0
46,0,0,0
47,0,0,0
48,0,0,0
49,0,0,0
50,0,0,0
51,0,0,0
52,0,0,0
53,0,0,0
54,577,2758,22
55,582,2723,22
56,582,2685,22
57,583,2647,22
58,585,2606,22
59,585,2566,22
60,585,2524,22
61,585,2484,22
62,0,0,0
63,0,0,0
64,628,2563,4
65,0,0,0
66,0,0,0
67,0,0,0
68,0,0,0
69,0,0,0
70,0,0,0
71,0,0,0
72,0,0,0
73,0,0,0
74,0,0,0
75,0,0,0
76,0,0,0
77,0,0,0
78,0,0,0
79,0,0,0
80,0,0,0
81,682,2447,29
82,685,2418,29
83,699,2384,29
84,697,2362,24
85,697,2326,24
86,700,2290,24
87,704,2255,24
88,707,2228,24
89,716,2200,22
90,714,2181,22
91,691,2181,22
92,665,2184,22
93,633,2197,22
94,592,2202,22
95,561,2214,22
96,503,2222,22
97,459,2224,22
98,412,2228,22
99,368,2242,22
100,317,2242,22
101,263,2244,22
102,226,2244,22
103,172,2252,22
104,127,2252,22
105,80,2252,22
106,43,2249,22
107,0,0,0
108,0,0,0
109,0,0,0
110,0,0,0
111,0,0,0
112,0,0,0
113,0,0,0
114,0,0,0
115,0,0,0
116,0,0,0
117,0,0,0
118,0,0,0
119,0,0,0
120,0,0,0
121,0,0,0
122,0,0,0
123,0,0,0
124,0,0,0
125,0,0,0
126,0,0,0
127,0,0,0
128,0,0,0
129,0,0,0
130,0,0,0
131,20,1378,21
132,36,1276,21
133,47,1175,21
134,64,1079,20
135,76,987,17
136,90,899,17
137,102,821,17
138,87,771,17
139,78,713,17
140,70,660,17
141,61,597,17
142,49,541,17
143,0,0,0
144,0,0,0
145,17,364,15
146,18,319,15
147,12,264,15
148,12,214,17
149,12,171,17
150,12,126,17
151,12,91,17
152,12,55,17
153,0,0,0
154,0,0,0
155,0,0,0
156,0,0,0
157,0,0,0
158,0,0,0
159,0,0,0
160,0,0,0
161,0,0,0
162,0,0,0
163,0,0,0
164,0,0,0
165,0,0,0
166,0,0,0
167,0,0,0
168,0,0,0
169,0,0,0
170,0,0,0
171,0,0,0
172,0,0,0
173,0,0,0
174,0,0,0
175,0,0,0
176,0,0,0
177,0,0,0
178,0,0,0
179,0,0,0
180,0,0,0
181,0,0,0
182,0,0,0
183,0,0,0
184,0,0,0
185,0,0,0
186,0,0,0
187,0,0,0
188,0,0,0
189,0,0,0
190,0,0,0
191,0,0,0
192,0,0,0
193,0,0,0
194,0,0,0
195,0,0,0
196,0,0,0
197,0,0,0
198,0,0,0
199,0,0,0
200,0,0,0
201,0,0,0
202,0,0,0
203,0,0,0
204,0,0,0
205,0,0,0
206,0,0,0
207,0,0,0
208,0,0,0
209,0,0,0
210,0,0,0
211,0,0,0
212,0,0,0
213,0,0,0
214,0,0,0
215,0,0,0
216,0,0,0
217,0,0,0
218,0,0,0
219,0,0,0
220,0,0,0
221,0,0,0
222,0,0,0
223,0,0,0
224,0,0,0
225,0,0,0
226,0,0,0
227,0,0,0
228,0,0,0
229,0,0,0
230,0,0,0
231,0,0,0
232,0,0,0
233,0,0,0
234,0,0,0
235,0,0,0
236,0,0,0
237,0,0,0
238,0,0,0
239,0,0,0
240,0,0,0
241,0,0,0
242,0,0,0
243,0,0,0
244,0,0,0
245,0,0,0
246,0,0,0
247,0,0,0
248,0,0,0
249,0,0,0
250,0,0,0
251,0,0,0
252,0,0,0
253,0,0,0
254,0,0,0
255,0,0,0
256,0,0,0
257,0,0,0
258,0,0,0
259,0,0,0
260,0,0,0
261,0,0,0
262,0,0,0
263,0,0,0
264,0,0,0
265,0,0,0
266,0,0,0
267,0,0,0
268,0,0,0
269,0,0,0
270,0,0,0
271,0,0,0
272,0,0,0
273,0,0,0
274,0,0,0
275,0,0,0
276,0,0,0
277,0,0,0
278,0,0,0
279,0,0,0
280,0,0,0
281,0,0,0
282,0,0,0
283,0,0,0
284,0,0,0
285,0,0,0
286,0,0,0
287,0,0,0
288,0,0,0
289,0,0,0
290,0,0,0
291,0,0,0
292,0,0,0
293,0,0,0
294,0,0,0
295,0,0,0
296,0,0,0
297,0,0,0
298,0,0,0
299,0,0,0
300,0,0,0
301,0,0,0
302,0,0,0
303,0,0,0
304,0,0,0
305,0,0,0
306,0,0,0
307,0,0,0
308,0,0,0
309,0,0,0
310,0,0,0
311,0,0,0
312,0,0,0
313,0,0,0
314,0,0,0
315,0,0,0
316,0,0,0
317,0,0,0
318,0,0,0
319,0,0,0
320,0,0,0
321,0,0,0
322,0,0,0
323,0,0,0
324,0,0,0
325,0,0,0
326,0,0,0
327,0,0,0
328,0,0,0
329,0,0,0
330,0,0,0
331,0,0,0
332,0,0,0
333,0,0,0
334,0,0,0
335,0,0,0
336,0,0,0
337,0,0,0
338,0,0,0
339,0,0,0
340,0,0,0
341,0,0,0
342,0,0,0
343,0,0,0
344,0,0,0
345,0,0,0
346,0,0,0
347,0,0,0
348,0,0,0
349,0,0,0
350,0,0,0
351,0,0,0
352,0,0,0
353,0,0,0
354,0,0,0
355,0,0,0
356,0,0,0
357,56,163,21
358,73,189,21
359,88,222,21
360,102,250,21
361,119,279,21
362,140,311,21
363,155,337,21
364,171,371,20
365,189,401,21
366,203,429,21
367,182,410,21
368,157,368,21
369,131,334,21
370,105,298,21
371,77,265,20
372,50,234,20
373,27,203,20
374,4,168,18
375,0,0,0
376,0,0,0
377,0,0,0
378,0,0,0
379,0,0,0
380,262,28,20
381,262,39,20
382,259,51,20
383,258,61,20
384,255,74,22
385,255,88,22
386,254,103,22
387,255,120,22
388,255,135,22
389,258,154,22
390,263,170,22
391,267,192,20
392,268,201,20
393,268,211,20
394,269,218,20
395,269,227,20
396,271,240,17
397,266,241,17
398,256,238,17
399,245,233,19
400,237,224,19
401,224,221,19
402,216,215,19
403,214,204,19
404,213,196,19
405,210,183,19
406,201,170,18
407,192,159,16
408,185,147,16
409,0,0,0
410,0,0,0
411,0,0,0
412,0,0,0
413,0,0,0
414,0,0,0
415,0,0,0
416,0,0,0
417,0,0,0
418,0,0,0
419,0,0,0
420,0,0,0
421,0,0,0
422,0,0,0
423,0,0,0
424,0,0,0
425,0,0,0
426,0,0,0
427,0,0,0
428,0,0,0
429,0,0,0
430,0,0,0
431,62,91,19
432,62,91,19
433,65,78,19
434,66,70,19
435,66,59,19
436,66,55,19
437,64,49,18
438,61,44,16
439,61,34,15
440,61,33,15
441,63,29,19
442,0,0,0
443,0,0,0
444,0,0,0
445,0,0,0
446,0,0,0
447,0,0,0
448,124,39,19
449,137,45,19
450,150,54,17
451,165,63,17
452,165,57,17
453,153,46,18
454,143,33,18
455,131,20,18
456,0,0,0
457,0,0,0
458,0,0,0
459,0,0,0
460,0,0,0
461,0,0,0
462,0,0,0
463,0,0,0
464,0,0,0
465,0,0,0
466,0,0,0
467,0,0,0
468,0,0,0
469,0,0,0
470,0,0,0
471,0,0,0
472,0,0,0
473,0,0,0
474,0,0,0
475,0,0,0
476,0,0,0
477,0,0,0
478,0,0,0
479,0,0,0
480,0,0,0
481,0,0,0
482,0,0,0
483,0,0,0
484,0,0,0
485,0,0,0
486,0,0,0
487,0,0,0
488,0,0,0
489,0,0,0
490,0,0,0
491,0,0,0
492,0,0,0
493,0,0,0
494,0,0,0
495,0,0,0
496,0,0,0
497,0,0,0
498,0,0,0
499,0,0,0
500,0,0,0
501,0,0,0
502,0,0,0
503,0,0,0
504,0,0,0
505,0,0,0
506,0,0,0
507,0,0,0
508,0,0,0
509,0,0,0
510,0,0,0
511,0,0,0
512,0,0,0
513,0,0,0
514,0,0,0
515,0,0,0
516,0,0,0
517,0,0,0
518,0,0,0
519,0,0,0
520,229,46,20
521,220,39,20
522,210,25,20
523,0,0,0
524,0,0,0
525,0,0,0
526,0,0,0
527,0,0,0
528,0,0,0
529,0,0,0
530,238,34,19
531,228,22,19
532,0,0,0
533,0,0,0
534,0,0,0
535,0,0,0
536,0,0,0
537,0,0,0
538,0,0,0
539,0,0,0
540,0,0,0
541,0,0,0
542,0,0,0
543,0,0,0
544,0,0,0
545,0,0,0
546,0,0,0
547,0,0,0
548,243,22,21
549,251,31,20
550,251,31,20
551,250,23,20
552,241,14,20
553,0,0,0
554,0,0,0
555,0,0,0
556,0,0,0
557,0,0,0
558,0,0,0
559,0,0,0
560,0,0,0
561,0,0,0
562,0,0,0
563,0,0,0
564,0,0,0
565,0,0,0
566,0,0,0
567,0,0,0
568,0,0,0
569,0,0,0
570,0,0,0
571,0,0,0
572,0,0,0
573,0,0,0
574,0,0,0
575,0,0,0
576,0,0,0
577,0,0,0
578,249,32,23
579,253,40,21
580,246,29,21
581,239,20,21
582,0,0,0
583,0,0,0
584,0,0,0
585,0,0,0
586,0,0,0
587,0,0,0
588,251,27,29
589,275,42,24
590,267,35,24
591,260,25,24
592,0,0,0
593,0,0,0
594,0,0,0
595,0,0,0
596,0,0,0
597,0,0,0
598,0,0,0
599,0,0,0
600,0,0,0
601,0,0,0
602,0,0,0
603,0,0,0
604,0,0,0
605,0,0,0
606,0,0,0
607,0,0,0
608,0,0,0
609,263,29,20
610,269,38,20
611,269,37,20
612,258,25,20
613,254,17,20
614,0,0,0
615,0,0,0
616,0,0,0
617,0,0,0
618,0,0,0
619,0,0,0
620,265,28,23
621,0,0,0
622,0,0,0
623,0,0,0
624,0,0,0
625,0,0,0
626,0,0,0
627,0,0,0
628,0,0,0
629,0,0,0
630,0,0,0
631,0,0,0
632,0,0,0
633,0,0,0
634,0,0,0
635,0,0,0
636,0,0,0
637,0,0,0
638,0,0,0
639,0,0,0
640,0,0,0
641,0,0,0
642,0,0,0
643,0,0,0
644,0,0,0
645,0,0,0
646,0,0,0
647,0,0,0
648,0,0,0
649,0,0,0
650,0,0,0
651,0,0,0
652,0,0,0
653,0,0,0
654,0,0,0
655,0,0,0
656,0,0,0
657,0,0,0
658,0,0,0
659,0,0,0
660,0,0,0
661,0,0,0
662,0,0,0
663,0,0,0
664,0,0,0
665,0,0,0
666,0,0,0
667,0,0,0
668,0,0,0
669,0,0,0
670,0,0,0
671,0,0,0
672,0,0,0
673,0,0,0
674,0,0,0
675,0,0,0
676,0,0,0
677,0,0,0
678,0,0,0
679,0,0,0
680,0,0,0
681,191,15,17
682,200,21,17
683,212,31,17
684,220,40,17
685,234,49,17
686,249,64,17
687,247,54,17
688,239,42,17
689,238,29,17
690,236,18,17
691,0,0,0
692,0,0,0
693,0,0,0
694,0,0,0
695,251,24,17
696,263,35,17
697,248,28,17
698,236,17,17
699,0,0,0
700,0,0,0
701,0,0,0
702,0,0,0
703,0,0,0
704,0,0,0
705,0,0,0
706,0,0,0
707,0,0,0
708,0,0,0
709,0,0,0
710,0,0,0
711,0,0,0
712,0,0,0
713,254,37,22
714,259,47,21
715,252,37,21
716,243,27,21
717,0,0,0
718,0,0,0
719,0,0,0
720,0,0,0
721,0,0,0
722,0,0,0
723,263,24,20
724,271,33,20
725,263,20,20
726,0,0,0
727,0,0,0
728,0,0,0
729,0,0,0
730,0,0,0
731,0,0,0
732,0,0,0
733,0,0,0
734,0,0,0
735,0,0,0
736,0,0,0
737,0,0,0
738,0,0,0
739,0,0,0
740,269,24,16
741,279,36,16
742,285,45,16
743,279,37,16
744,271,27,16
745,0,0,0
746,0,0,0
747,0,0,0
748,0,0,0
749,0,0,0
750,0,0,0
751,0,0,0
752,0,0,0
753,0,0,0
754,0,0,0
755,0,0,0
756,0,0,0
757,0,0,0
758,275,33,22
759,283,44,21
760,283,44,21
761,276,37,21
762,273,27,21
763,266,17,21
764,0,0,0
765,0,0,0
766,0,0,0
767,0,0,0
768,0,0,0
769,0,0,0
770,0,0,0
771,0,0,0
772,0,0,0
773,0,0,0
774,266,18,13
775,268,25,13
776,277,33,13
777,285,44,13
778,282,38,13
779,272,31,13
780,271,24,13
781,263,19,13
782,257,12,13
783,257,11,13
784,257,10,13
785,0,0,0
786,0,0,0
787,0,0,0
788,0,0,0
789,0,0,0
790,0,0,0
791,0,0,0
792,0,0,0
793,240,20,20
794,240,20,20
795,238,26,20
796,235,29,20
797,233,34,20
798,233,40,20
799,234,46,20
800,235,54,20
801,237,61,20
802,243,81,17
803,245,91,17
804,249,100,17
805,250,109,17
806,251,120,17
807,250,132,17
808,247,141,17
809,242,149,17
810,234,154,17
811,225,158,19
812,215,158,19
813,204,158,19
814,194,157,19
815,186,155,21
816,179,155,21
817,173,157,21
818,163,159,21
819,162,163,21
820,159,169,21
821,155,174,21
822,151,180,21
823,150,188,21
824,150,197,21
825,150,209,21
826,151,220,21
827,154,233,21
828,157,247,21
829,162,262,21
830,169,280,21
831,175,294,21
832,164,386,17
833,155,488,17
834,143,596,17
835,140,725,17
836,128,844,17
837,114,982,17
838,108,1105,17
839,110,1234,17
840,105,1355,17
841,0,0,0
842,0,0,0
843,0,0,0
844,0,0,0
845,0,0,0
846,0,0,0
847,74,1673,21
848,95,1752,21
849,0,0,0
850,0,0,0
851,0,0,0
852,0,0,0
853,0,0,0
854,0,0,0
855,0,0,0
856,162,2488,23
857,174,2571,23
858,190,2660,23
859,197,2675,23
860,197,2640,21
861,195,2602,23
862,192,2560,23
863,191,2520,23
864,191,2480,23
865,0,0,0
866,0,0,0
867,0,0,0
868,0,0,0
869,0,0,0
870,0,0,0
871,0,0,0
872,0,0,0
873,0,0,0
874,0,0,0
875,0,0,0
876,0,0,0
877,0,0,0
878,0,0,0
879,0,0,0
880,0,0,0
881,0,0,0
882,0,0,0
883,0,0,0
884,0,0,0
885,0,0,0
886,0,0,0
887,0,0,0
888,0,0,0
889,0,0,0
890,0,0,0
891,695,2437,22
892,711,2412,22
893,734,2382,25
894,750,2342,25
895,764,2316,25
896,779,2289,25
897,794,2260,25
898,802,2231,22
899,814,2208,22
900,823,2183,21
901,818,2176,21
902,807,2172,23
903,792,2171,23
904,763,2168,23
905,744,2163,23
906,723,2159,23
907,707,2155,23
908,686,2153,23
909,664,2151,23
910,639,2144,23
911,0,0,0
912,0,0,0
913,0,0,0
914,0,0,0
915,0,0,0
916,0,0,0
917,0,0,0
918,0,0,0
919,0,0,0
920,0,0,0
921,0,0,0
922,568,1359,17
923,566,1297,19
924,563,1226,19
925,559,1225,19
926,555,1247,19
927,547,1283,19
928,542,1314,21
929,535,1352,21
930,528,1385,21
931,519,1419,21
932,0,0,0
933,0,0,0
934,0,0,0
935,0,0,0
936,0,0,0
937,0,0,0
938,0,0,0
939,0,0,0
940,0,0,0
941,0,0,0
942,0,0,0
943,0,0,0
944,0,0,0
945,0,0,0
946,0,0,0
947,0,0,0
948,0,0,0
949,0,0,0
950,0,0,0
951,0,0,0
952,0,0,0
953,0,0,0
954,0,0,0
955,0,0,0
956,0,0,0
957,0,0,0
958,0,0,0
959,0,0,0
960,0,0,0
961,0,0,0
962,427,1462,21
963,434,1496,21
964,437,1519,22
965,440,1550,22
966,447,1570,22
967,446,1594,22
968,431,1591,22
969,411,1586,22
970,369,1584,23
971,338,1584,23
972,307,1584,23
973,277,1583,23
974,249,1580,23
975,216,1580,23
976,186,1580,23
977,157,1580,23
978,127,1580,23
979,102,1582,23
980,77,1587,23
981,60,1592,23
982,0,0,0
983,0,0,0
984,0,0,0
985,0,0,0
986,0,0,0
987,0,0,0
988,0,0,0
989,0,0,0
990,0,0,0
991,0,0,0
992,0,0,0
993,0,0,0
994,0,0,0
995,0,0,0
996,0,0,0
997,0,0,0
998,0,0,0
999,0,0,0
1000,0,0,0
1001,0,0,0
1002,0,0,0
1003,0,0,0
1004,0,0,0
1005,0,0,0
1006,0,0,0
1007,0,0,0
1008,0,0,0
1009,0,0,0
1010,0,0,0
1011,0,0,0
1012,0,0,0
1013,0,0,0
1014,0,0,0
1015,0,0,0
1016,0,0,0
1017,0,0,0
1018,0,0,0
1019,0,0,0
1020,0,0,0
1021,0,0,0
1022,0,0,0
1023,0,0,0
1024,0,0,0
1025,0,0,0
1026,0,0,0
1027,0,0,0
1028,0,0,0
1029,0,0,0
1030,0,0,0
1031,0,0,0
1032,0,0,0
1033,0,0,0
1034,0,0,0
1035,0,0,0
1036,0,0,0
1037,0,0,0
1038,0,0,0
1039,0,0,0
1040,0,0,0
1041,0,0,0
1042,0,0,0
1043,0,0,0
1044,0,0,0
1045,0,0,0
1046,0,0,0
1047,0,0,0
1048,0,0,0
1049,0,0,0
1050,0,0,0
1051,0,0,0
1052,0,0,0
1053,0,0,0
1054,0,0,0
1055,0,0,0
1056,0,0,0
1057,0,0,0
1058,0,0,0
1059,0,0,0
1060,0,0,0
1061,0,0,0
1062,0,0,0
1063,0,0,0
1064,0,0,0
1065,0,0,0
1066,0,0,0
1067,0,0,0
1068,0,0,0
1069,0,0,0
1070,0,0,0
1071,0,0,0
1072,0,0,0
1073,0,0,0
1074,0,0,0
1075,0,0,0
1076,0,0,0
1077,0,0,0
1078,0,0,0
1079,0,0,0
1080,0,0,0
1081,0,0,0
1082,0,0,0
1083,0,0,0
1084,0,0,0
1085,0,0,0
1086,0,0,0
1087,0,0,0
1088,0,0,0
1089,0,0,0
1090,0,0,0
1091,0,0,0
1092,0,0,0
1093,0,0,0
1094,0,0,0
1095,0,0,0
1096,0,0,0
1097,0,0,0
1098,0,0,0
1099,0,0,0
1100,0,0,0
1101,0,0,0
1102,0,0,0
1103,0,0,0
1104,0,0,0
1105,0,0,0
1106,0,0,0
1107,0,0,0
1108,0,0,0
1109,0,0,0
1110,0,0,0
1111,0,0,0
1112,0,0,0
1113,0,0,0
1114,0,0,0
1115,0,0,0
1116,0,0,0
1117,0,0,0
1118,0,0,0
1119,0,0,0
1120,0,0,0
1121,0,0,0
1122,0,0,0
1123,0,0,0
1124,0,0,0
1125,0,0,0
1126,0,0,0
1127,0,0,0
1128,0,0,0
1129,0,0,0
1130,0,0,0
1131,0,0,0
1132,0,0,0
1133,0,0,0
1134,0,0,0
1135,0,0,0
1136,0,0,0
1137,0,0,0
1138,0,0,0
1139,0,0,0
1140,0,0,0
1141,0,0,0
1142,0,0,0
1143,0,0,0
1144,0,0,0
1145,0,0,0
1146,0,0,0
1147,0,0,0
1148,0,0,0
1149,0,0,0
1150,0,0,0
1151,0,0,0
1152,0,0,0
1153,0,0,0
1154,0,0,0
1155,0,0,0
1156,0,0,0
1157,0,0,0
1158,0,0,0
1159,0,0,0
1160,0,0,0
1161,0,0,0
1162,0,0,0
1163,0,0,0
1164,0,0,0
1165,0,0,0
1166,0,0,0
1167,0,0,0
1168,0,0,0
1169,0,0,0
1170,0,0,0
1171,0,0,0
1172,0,0,0
1173,0,0,0
1174,0,0,0
1175,0,0,0
1176,0,0,0
1177,0,0,0
1178,0,0,0
1179,0,0,0
1180,0,0,0
1181,0,0,0
1182,0,0,0
1183,0,0,0
1184,0,0,0
1185,0,0,0
1186,0,0,0
1187,0,0,0
1188,0,0,0
1189,0,0,0
1190,0,0,0
1191,0,0,0
1192,0,0,0
1193,0,0,0
1194,0,0,0
1195,0,0,0
1196,0,0,0
1197,0,0,0
1198,0,0,0
1199,0,0,0
1200,0,0,0
1201,0,0,0
1202,0,0,0
1203,0,0,0
1204,0,0,0
1205,0,0,0
1206,0,0,0
1207,0,0,0
1208,0,0,0
1209,0,0,0
1210,0,0,0
1211,0,0,0
1212,0,0,0
1213,0,0,0
1214,0,0,0
1215,0,0,0
1216,0,0,0
1217,0,0,0
1218,0,0,0
1219,0,0,0
1220,0,0,0
1221,0,0,0
1222,0,0,0
1223,0,0,0
1224,0,0,0
1225,0,0,0
1226,0,0,0
1227,0,0,0
1228,0,0,0
1229,0,0,0
1230,0,0,0
1231,0,0,0
1232,0,0,0
1233,0,0,0
1234,0,0,0
1235,0,0,0
1236,0,0,0
1237,0,0,0
1238,0,0,0
1239,0,0,0
1240,0,0,0
1241,0,0,0
1242,0,0,0
1243,0,0,0
1244,0,0,0
1245,0,0,0
1246,0,0,0
1247,0,0,0
1248,0,0,0
1249,0,0,0
1250,0,0,0
1251,0,0,0
1252,0,0,0
1253,0,0,0
1254,0,0,0
1255,0,0,0
1256,0,0,0
1257,0,0,0
1258,0,0,0
1259,0,0,0
1260,0,0,0
1261,0,0,0
1262,0,0,0
1263,0,0,0
1264,0,0,0
1265,0,0,0
1266,0,0,0
1267,0,0,0
1268,0,0,0
1269,0,0,0
1270,0,0,0
1271,0,0,0
1272,0,0,0
1273,0,0,0
1274,0,0,0
1275,0,0,0
1276,0,0,0
1277,0,0,0
1278,0,0,0
1279,0,0,0
1280,0,0,0
1281,0,0,0
1282,0,0,0
1283,0,0,0
1284,0,0,0
1285,0,0,0
1286,0,0,0
1287,0,0,0
1288,0,0,0
1289,0,0,0
1290,0,0,0
1291,0,0,0
1292,0,0,0
1293,1026,3392,19
1294,997,3374,19
1295,982,3358,19
1296,978,3359,19
1297,977,3359,19
1298,967,3367,19
1299,966,3375,19
1300,964,3382,19
1301,960,3390,19
1302,956,3399,19
1303,955,3406,19
1304,948,3415,19
1305,943,3425,19
1306,938,3432,19
1307,926,3437,19
1308,922,3442,19
1309,913,3450,19
1310,905,3452,19
1311,901,3457,19
1312,893,3458,19
1313,893,3465,19
1314,889,3466,19
1315,887,3474,19
1316,886,3479,19
1317,886,3487,19
1318,887,3496,20
1319,887,3505,20
1320,888,3518,20
1321,890,3527,20
1322,0,0,0
1323,893,3543,18
1324,893,3554,18
1325,894,3555,18
1326,894,3560,18
1327,895,3564,18
1328,895,3567,18
1329,895,3572,18
1330,895,3576,18
1331,897,3582,18
1332,900,3585,18
1333,903,3589,18
1334,907,3589,18
1335,910,3597,18
1336,916,3604,18
1337,922,3609,18
1338,927,3618,18
1339,934,3624,18
1340,938,3628,18
1341,944,3633,18
1342,952,3636,18
1343,956,3642,18
1344,962,3648,18
1345,968,3652,18
1346,976,3658,18
1347,983,3664,18
1348,992,3670,18
1349,996,3679,18
1350,1006,3686,18
1351,1017,3695,18
1352,1023,3704,18
1353,1028,3711,18
1354,1028,3713,18
1355,1038,3725,17
1356,1041,3732,17
1357,1043,3740,17
1358,1044,3748,17
1359,1045,3756,17
1360,1044,3762,17
1361,1042,3768,17
1362,1038,3775,17
1363,1034,3782,17
1364,1030,3791,17
1365,1027,3802,17
1366,1027,3807,17
1367,1026,3817,16
1368,1024,3826,16
1369,1023,3830,16
1370,1023,3837,16
1371,1023,3844,16
1372,1025,3849,16
1373,1027,3854,16
1374,1033,3862,16
1375,1035,3867,16
1376,0,0,0
1377,0,0,0
1378,0,0,0
1379,0,0,0
1380,0,0,0
1381,0,0,0
1382,0,0,0
1383,0,0,0
1384,0,0,0
1385,0,0,0
1386,0,0,0
1387,0,0,0
1388,0,0,0
1389,0,0,0
1390,1025,3865,14
1391,1018,3860,14
1392,0,0,0
1393,0,0,0
1394,0,0,0
1395,0,0,0
1396,0,0,0
1397,0,0,0
1398,0,0,0
1399,0,0,0
1400,0,0,0
1401,0,0,0
1402,0,0,0
1403,0,0,0
1404,0,0,0
1405,0,0,0
1406,0,0,0
1407,0,0,0
1408,0,0,0
1409,0,0,0
1410,0,0,0
1411,0,0,0
1412,0,0,0
1413,0,0,0
1414,0,0,0
1415,0,0,0
1416,0,0,0
1417,0,0,0
1418,0,0,0
1419,0,0,0
1420,0,0,0
1421,0,0,0
1422,0,0,0
1423,0,0,0
1424,0,0,0
1425,0,0,0
1426,0,0,0
1427,0,0,0
1428,0,0,0
1429,0,0,0
1430,0,0,0
1431,0,0,0
1432,0,0,0
1433,0,0,0
1434,0,0,0
1435,0,0,0
1436,0,0,0
1437,0,0,0
1438,0,0,0
1439,0,0,0
1440,0,0,0
1441,0,0,0
1442,0,0,0
1443,0,0,0
1444,0,0,0
1445,0,0,0
1446,0,0,0
1447,0,0,0
1448,0,0,0
1449,0,0,0
1450,0,0,0
1451,0,0,0
1452,0,0,0
1453,0,0,0
1454,0,0,0
1455,0,0,0
1456,0,0,0
1457,0,0,0
1458,0,0,0
1459,0,0,0
1460,0,0,0
1461,0,0,0
1462,0,0,0
1463,0,0,0
1464,0,0,0
1465,0,0,0
1466,0,0,0
1467,0,0,0
1468,0,0,0
1469,0,0,0
1470,0,0,0
1471,0,0,0
1472,0,0,0
1473,0,0,0
1474,0,0,0
1475,0,0,0
1476,0,0,0
1477,0,0,0
1478,0,0,0
1479,0,0,0
1480,0,0,0
1481,0,0,0
1482,0,0,0
1483,0,0,0
1484,0,0,0
1485,0,0,0
1486,0,0,0
1487,0,0,0
1488,0,0,0
1489,0,0,0
1490,0,0,0
1491,0,0,0
1492,0,0,0
1493,0,0,0
1494,0,0,0
1495,0,0,0
1496,0,0,0
1497,0,0,0
1498,0,0,0
1499,0,0,0
1500,0,0,0
1501,0,0,0
1502,0,0,0
1503,0,0,0
1504,0,0,0
1505,0,0,0
1506,0,0,0
1507,0,0,0
1508,0,0,0
1509,0,0,0
1510,0,0,0
1511,0,0,0
1512,0,0,0
1513,0,0,0
1514,0,0,0
1515,0,0,0
1516,0,0,0
1517,0,0,0
1518,0,0,0
1519,0,0,0
1520,0,0,0
1521,0,0,0
1522,0,0,0
1523,0,0,0
1524,0,0,0
1525,0,0,0
1526,0,0,0
1527,0,0,0
1528,0,0,0
1529,0,0,0
1530,0,0,0
1531,0,0,0
1532,0,0,0
1533,0,0,0
1534,0,0,0
1535,0,0,0
1536,0,0,0
1537,0,0,0
1538,0,0,0
1539,0,0,0
1540,0,0,0
1541,0,0,0
1542,0,0,0
1543,0,0,0
1544,0,0,0
1545,0,0,0
1546,0,0,0
1547,0,0,0
1548,0,0,0
1549,0,0,0
1550,0,0,0
1551,0,0,0
1552,0,0,0
1553,0,0,0
1554,0,0,0
1555,0,0,0
1556,0,0,0
1557,0,0,0
1558,0,0,0
1559,0,0,0
1560,0,0,0
1561,0,0,0
1562,0,0,0
1563,0,0,0
1564,0,0,0
1565,0,0,0
1566,0,0,0
1567,0,0,0
1568,0,0,0
1569,0,0,0
1570,0,0,0
1571,0,0,0
1572,0,0,0
1573,0,0,0
1574,0,0,0
1575,0,0,0
1576,0,0,0
1577,0,0,0
1578,0,0,0
1579,0,0,0
1580,0,0,0
1581,0,0,0
1582,0,0,0
1583,0,0,0
1584,0,0,0
1585,0,0,0
1586,0,0,0
1587,0,0,0
1588,0,0,0
1589,0,0,0
1590,0,0,0
1591,0,0,0
1592,0,0,0
1593,0,0,0
1594,0,0,0
1595,0,0,0
1596,0,0,0
1597,0,0,0
1598,0,0,0
1599,0,0,0
1600,0,0,0
1601,0,0,0
1602,0,0,0
1603,0,0,0
1604,1021,3864,14
1605,1017,3852,16
1606,1020,3845,17
1607,1031,3846,17
1608,1044,3859,17
1609,0,0,0
1610,0,0,0
1611,0,0,0
1612,0,0,0
1613,0,0,0
1614,0,0,0
1615,0,0,0
1616,0,0,0
1617,0,0,0
1618,0,0,0
1619,0,0,0
1620,0,0,0
1621,0,0,0
1622,0,0,0
1623,0,0,0
1624,0,0,0
1625,0,0,0
1626,0,0,0
1627,0,0,0
1628,0,0,0
1629,0,0,0
1630,1222,3857,27
1631,1215,3844,27
1632,1208,3820,27
1633,1200,3798,27
1634,1187,3769,27
1635,1177,3748,27
1636,1164,3720,27
1637,1153,3693,27
1638,1139,3667,27
1639,1124,3638,27
1640,1107,3611,27
1641,1094,3584,27
1642,1078,3558,27
1643,1061,3531,25
1644,1049,3504,25
1645,1035,3464,25
1646,1035,3336,25
1647,0,0,0
1648,1016,3047,21
1649,1005,2900,21
1650,1004,2756,21
1651,992,2626,21
1652,0,0,0
1653,0,0,0
1654,0,0,0
1655,0,0,0
1656,0,0,0
1657,0,0,0
1658,0,0,0
1659,0,0,0
1660,0,0,0
1661,0,0,0
1662,0,0,0
1663,0,0,0
1664,0,0,0
1665,0,0,0
1666,0,0,0
1667,0,0,0
1668,761,1380,18
1669,752,1282,18
1670,739,1187,18
1671,0,0,0
1672,0,0,0
1673,0,0,0
1674,0,0,0
1675,0,0,0
1676,0,0,0
1677,0,0,0
1678,0,0,0
1679,0,0,0
1680,0,0,0
1681,699,1399,24
1682,689,1422,24
1683,0,0,0
1684,0,0,0
1685,0,0,0
1686,0,0,0
1687,0,0,0
1688,0,0,0
1689,0,0,0
1690,0,0,0
1691,0,0,0
1692,0,0,0
1693,0,0,0
1694,0,0,0
1695,0,0,0
1696,0,0,0
1697,0,0,0
1698,0,0,0
1699,0,0,0
1700,0,0,0
1701,0,0,0
1702,0,0,0
1703,0,0,0
1704,0,0,0
1705,0,0,0
1706,0,0,0
1707,0,0,0
1708,0,0,0
1709,0,0,0
1710,0,0,0
1711,0,0,0
1712,0,0,0
1713,0,0,0
1714,0,0,0
1715,521,1503,19
1716,521,1537,19
1717,0,0,0
1718,0,0,0
1719,0,0,0
1720,0,0,0
1721,0,0,0
1722,0,0,0
1723,0,0,0
1724,0,0,0
1725,0,0,0
1726,0,0,0
1727,0,0,0
1728,0,0,0
1729,0,0,0
1730,0,0,0
1731,0,0,0
1732,1065,1534,21
1733,1102,1539,26
1734,1135,1547,26
1735,1169,1559,26
1736,1199,1570,26
1737,1231,1583,26
1738,1255,1595,26
1739,0,0,0
1740,0,0,0
1741,1306,1634,25
1742,0,0,0
1743,0,0,0
1744,0,0,0
1745,0,0,0
1746,0,0,0
1747,0,0,0
1748,0,0,0
1749,0,0,0
1750,0,0,0
1751,0,0,0
1752,0,0,0
1753,0,0,0
1754,0,0,0
1755,0,0,0
1756,0,0,0
1757,0,0,0
1758,0,0,0
1759,0,0,0
1760,0,0,0
1761,0,0,0
1762,0,0,0
1763,0,0,0
1764,0,0,0
1765,0,0,0
1766,0,0,0
1767,0,0,0
1768,0,0,0
1769,0,0,0
1770,0,0,0
1771,0,0,0
1772,0,0,0
1773,0,0,0
1774,0,0,0
1775,0,0,0
1776,0,0,0
1777,0,0,0
1778,0,0,0
1779,0,0,0
1780,0,0,0
1781,0,0,0
1782,0,0,0
1783,0,0,0
1784,0,0,0
1785,0,0,0
1786,0,0,0
1787,0,0,0
1788,0,0,0
1789,0,0,0
1790,0,0,0
1791,0,0,0
1792,0,0,0
1793,0,0,0
1794,0,0,0
1795,0,0,0
1796,0,0,0
1797,0,0,0
1798,0,0,0
1799,0,0,0
1800,0,0,0
1801,0,0,0
1802,0,0,0
1803,0,0,0
1804,0,0,0
1805,0,0,0
1806,0,0,0
1807,0,0,0
1808,0,0,0
1809,0,0,0
1810,0,0,0
1811,0,0,0
