1,474,1674,587,1771
2,474,1674,587,1771
3,473,1674,587,1771
4,473,1674,587,1770
5,473,1674,586,1770
6,473,1674,586,1770
7,473,1674,586,1770
8,473,1674,586,1770
9,473,1674,586,1770
10,470,1674,586,1769
11,468,1674,586,1769
12,465,1674,586,1769
13,464,1674,586,1769
14,464,1674,588,1771
15,463,1677,593,1776
16,463,1680,597,1774
17,462,1680,599,1769
18,462,1680,600,1770
19,462,1680,600,1770
20,464,1680,600,1770
21,466,1678,600,1769
22,466,1678,600,1769
23,465,1678,599,1768
24,465,1678,599,1768
25,465,1678,599,1768
26,465,1678,599,1768
27,468,1678,600,1768
28,471,1677,602,1768
29,478,1677,602,1768
30,489,1678,605,1769
31,489,1678,606,1773
32,492,1677,609,1777
33,492,1677,614,1785
34,492,1677,620,1779
35,489,1679,623,1781
36,489,1678,624,1783
37,490,1679,625,1784
38,492,1679,625,1784
39,494,1678,626,1784
40,511,1678,628,1784
41,525,1674,643,1780
42,550,1670,647,1774
43,554,1670,658,1777
44,558,1674,669,1775
45,566,1674,679,1777
46,572,1682,689,1780
47,577,1682,698,1781
48,580,1687,738,1795
49,585,1691,741,1795
50,597,1695,741,1795
51,613,1699,741,1796
52,631,1700,748,1802
53,659,1710,757,1799
54,682,1711,765,1796
55,689,1716,775,1797
56,700,1726,784,1799
57,711,1724,820,1801
58,704,1724,838,1811
59,700,1728,844,1815
60,700,1738,848,1818
61,711,1742,848,1827
62,730,1748,848,1836
63,753,1754,854,1849
64,766,1760,856,1853
65,771,1764,867,1869
66,775,1772,878,1874
67,778,1775,889,1875
68,779,1781,916,1876
69,782,1786,920,1877
70,783,1788,923,1877
71,785,1788,929,1885
72,785,1790,937,1887
73,783,1790,943,1888
74,781,1793,945,1890
75,780,1794,946,1910
76,780,1795,948,1911
77,782,1796,948,1923
78,786,1798,946,1927
79,789,1800,945,1929
80,791,1801,945,1929
81,793,1802,946,1929
82,793,1803,949,1927
83,794,1803,950,1925
84,794,1805,957,1924
85,793,1805,961,1924
86,793,1806,965,1925
87,793,1807,971,1922
88,793,1809,975,1907
89,793,1809,975,1907
90,793,1813,983,1898
91,793,1815,988,1894
92,793,1816,992,1899
93,795,1814,995,1896
94,823,1812,999,1913
95,847,1812,1006,1913
96,877,1813,1008,1915
97,906,1814,1012,1931
98,926,1816,1017,1929
99,935,1816,1023,1955
100,936,1816,1029,1956
101,936,1817,1038,1956
102,937,1819,1045,1956
103,938,1807,1054,1955
104,939,1800,1059,1955
105,943,1790,1067,1948
106,944,1781,1071,1923
107,950,1771,1076,1886
108,955,1762,1082,1865
109,968,1753,1085,1862
110,978,1721,1085,1863
111,991,1705,1087,1862
112,996,1685,1088,1862
113,996,1685,1095,1859
114,995,1686,1092,1838
115,994,1675,1089,1823
116,990,1665,1087,1765
117,991,1656,1081,1752
118,970,1647,1086,1745
119,966,1626,1088,1732
120,958,1606,1088,1729
121,958,1602,1088,1729
122,957,1601,1081,1727
123,956,1601,1069,1727
124,948,1593,1053,1725
125,933,1587,1043,1729
126,907,1571,1036,1732
127,896,1565,1029,1732
128,895,1563,1022,1732
129,895,1562,1017,1732
130,895,1562,1015,1732
131,895,1562,1013,1731
132,895,1562,1011,1732
133,895,1562,1010,1733
134,895,1562,1010,1733
135,895,1562,1010,1733
136,895,1562,1010,1733
137,895,1562,1010,1733
138,895,1562,1010,1733
139,895,1562,1010,1733
140,895,1562,1009,1733
141,895,1558,1006,1733
142,901,1553,1004,1733
143,903,1547,1000,1733
144,903,1540,996,1733
145,903,1531,996,1733
146,903,1523,994,1732
147,903,1518,991,1729
148,903,1509,991,1719
149,903,1504,990,1708
150,903,1500,990,1693
151,902,1495,990,1680
152,902,1491,989,1671
153,899,1488,989,1653
154,890,1487,986,1643
155,880,1484,986,1633
156,866,1483,983,1623
157,851,1482,979,1616
158,838,1481,973,1607
159,824,1480,968,1606
160,810,1479,962,1605
161,802,1478,955,1604
162,795,1478,949,1604
163,792,1478,948,1603
164,790,1476,948,1602
165,788,1475,947,1599
166,788,1474,940,1597
167,788,1473,934,1592
168,788,1472,920,1582
169,788,1469,905,1597
170,788,1468,893,1583
171,787,1466,871,1580
172,781,1466,864,1577
173,770,1463,857,1576
174,756,1461,846,1576
175,721,1459,840,1576
176,703,1457,839,1576
177,690,1454,838,1576
178,684,1450,837,1576
179,680,1448,835,1575
180,679,1444,831,1575
181,679,1442,824,1574
182,678,1440,817,1572
183,678,1434,799,1563
184,676,1434,784,1561
185,660,1437,769,1560
186,652,1437,753,1557
187,641,1437,746,1555
188,639,1437,737,1566
189,602,1435,731,1567
190,599,1437,731,1564
191,593,1437,730,1558
192,582,1437,730,1553
193,582,1437,730,1551
194,580,1438,726,1550
195,575,1438,721,1549
196,575,1438,707,1549
197,571,1438,696,1549
198,575,1438,683,1550
199,574,1438,670,1550
200,573,1438,663,1550
201,567,1438,658,1550
202,563,1438,651,1550
203,545,1437,649,1550
204,537,1437,649,1550
205,533,1437,649,1550
206,532,1437,648,1550
207,531,1437,648,1550
208,531,1437,641,1550
209,531,1437,634,1550
210,517,1436,626,1552
211,515,1436,617,1553
212,509,1436,607,1562
213,508,1436,598,1569
214,503,1436,589,1571
215,502,1437,587,1574
216,500,1438,588,1577
217,498,1438,589,1577
218,498,1438,590,1577
219,498,1438,589,1577
220,489,1438,589,1577
221,486,1439,588,1577
222,486,1439,588,1577
223,482,1439,589,1575
224,482,1439,589,1575
225,490,1441,590,1575
226,488,1442,587,1571
227,486,1443,587,1572
228,488,1442,582,1572
229,489,1443,579,1572
230,489,1441,579,1574
231,488,1439,576,1572
232,486,1439,576,1572
233,486,1437,576,1569
234,489,1436,576,1567
235,488,1437,574,1568
236,488,1437,573,1569
237,489,1437,575,1569
238,488,1437,579,1565
239,488,1437,583,1562
240,485,1437,585,1559
241,485,1437,586,1559
242,486,1437,586,1559
243,486,1437,586,1559
244,484,1437,586,1559
245,484,1437,586,1559
246,484,1437,586,1559
247,484,1437,586,1559
248,484,1437,586,1559
249,491,1437,586,1559
250,492,1437,586,1559
251,492,1437,586,1559
252,496,1437,586,1559
253,497,1437,586,1559
254,491,1437,586,1559
255,481,1437,586,1559
256,476,1437,586,1559
257,471,1437,586,1559
258,471,1437,586,1559
259,471,1437,586,1559
260,469,1437,586,1559
261,467,1437,586,1559
262,467,1437,586,1559
263,467,1437,586,1559
264,466,1437,586,1559
265,465,1437,584,1559
266,465,1437,583,1559
267,464,1437,582,1560
268,464,1437,581,1560
269,464,1437,579,1560
270,464,1437,575,1560
271,464,1437,574,1561
272,467,1437,573,1563
273,467,1437,573,1563
274,467,1437,573,1563
275,476,1437,573,1567
276,478,1437,573,1569
277,478,1437,573,1569
278,479,1437,573,1569
279,479,1437,573,1569
280,479,1437,573,1569
281,477,1437,573,1570
282,477,1437,573,1570
283,475,1437,573,1570
284,473,1437,573,1554
285,471,1437,573,1555
286,471,1437,573,1555
287,470,1437,573,1555
288,471,1437,573,1555
289,471,1437,572,1555
290,471,1437,571,1555
291,454,1437,563,1555
292,415,1437,563,1555
293,413,1437,563,1552
294,413,1437,552,1561
295,405,1437,551,1563
296,405,1437,550,1562
297,405,1437,550,1563
298,405,1437,551,1563
299,410,1437,551,1563
300,421,1437,551,1563
301,426,1437,551,1563
302,433,1437,551,1563
303,434,1437,545,1563
304,434,1438,545,1563
305,440,1440,547,1563
306,443,1440,549,1561
307,446,1445,550,1561
308,446,1449,551,1560
309,447,1451,554,1560
310,451,1454,554,1560
311,451,1459,553,1560
312,453,1462,551,1560
313,453,1462,547,1562
314,441,1466,544,1577
315,435,1470,544,1592
316,433,1470,536,1603
317,431,1474,540,1612
318,430,1475,541,1620
319,433,1476,541,1629
320,434,1476,541,1631
321,429,1488,539,1631
322,426,1493,538,1631
323,421,1496,535,1631
324,417,1502,532,1631
325,412,1506,527,1631
326,404,1510,516,1631
327,397,1514,515,1632
328,394,1521,510,1632
329,387,1523,502,1639
330,385,1528,500,1655
331,378,1531,492,1671
332,377,1535,490,1682
333,375,1539,490,1683
334,374,1545,489,1683
335,374,1552,489,1683
336,372,1556,488,1682
337,377,1560,488,1682
338,376,1566,488,1682
339,376,1567,488,1682
340,376,1568,488,1682
341,375,1571,488,1682
342,374,1574,488,1682
343,372,1575,488,1682
344,367,1577,488,1682
345,359,1577,488,1682
346,355,1578,488,1682
347,350,1578,487,1682
348,345,1578,485,1683
349,339,1576,483,1683
350,332,1575,478,1691
351,327,1573,474,1691
352,322,1572,467,1691
353,316,1569,459,1691
354,311,1568,447,1693
355,307,1567,436,1696
356,302,1565,421,1696
357,298,1563,410,1699
358,293,1562,406,1699
359,288,1560,407,1690
360,282,1559,407,1685
361,277,1557,406,1685
362,272,1555,405,1685
363,266,1554,405,1685
364,261,1554,403,1684
365,255,1553,402,1682
366,250,1552,398,1680
367,243,1549,396,1676
368,237,1548,386,1669
369,231,1543,381,1664
370,227,1542,370,1654
371,222,1542,365,1649
372,218,1532,353,1638
373,214,1532,339,1634
374,211,1531,332,1632
375,207,1530,331,1632
376,204,1530,331,1631
377,200,1530,331,1631
378,196,1528,331,1631
379,192,1529,330,1631
380,188,1529,329,1631
381,185,1530,329,1631
382,182,1520,329,1631
383,178,1519,328,1629
384,174,1519,326,1629
385,170,1519,322,1628
386,164,1518,318,1629
387,163,1517,313,1625
388,161,1516,307,1635
389,158,1517,302,1635
390,153,1517,295,1637
391,151,1518,288,1644
392,149,1519,283,1651
393,147,1520,280,1655
394,146,1523,274,1667
395,143,1526,272,1679
396,142,1529,271,1685
397,130,1532,271,1689
398,129,1535,269,1692
399,129,1540,268,1692
400,130,1543,262,1692
401,133,1547,260,1693
402,138,1550,255,1694
403,142,1554,255,1694
404,142,1557,263,1694
405,141,1561,258,1694
406,141,1565,258,1694
407,141,1569,255,1694
408,137,1571,255,1694
409,135,1574,254,1694
410,135,1576,253,1693
411,133,1579,253,1694
412,132,1581,253,1694
413,131,1584,252,1701
414,129,1586,252,1709
415,127,1589,252,1722
416,128,1591,252,1729
417,127,1593,252,1731
418,125,1594,253,1732
419,124,1595,253,1732
420,121,1597,251,1732
421,119,1599,251,1732
422,117,1601,251,1732
423,115,1603,251,1732
424,115,1606,251,1732
425,113,1608,251,1732
426,110,1611,251,1732
427,108,1613,251,1732
428,106,1616,251,1732
429,105,1618,251,1732
430,104,1621,250,1732
431,103,1622,249,1732
432,102,1622,250,1732
433,101,1624,250,1732
434,99,1625,250,1732
435,98,1626,250,1732
436,99,1627,251,1732
437,98,1628,251,1732
438,98,1628,251,1732
439,97,1630,251,1732
440,97,1632,251,1732
441,96,1633,251,1732
442,96,1635,252,1732
443,96,1636,252,1732
444,96,1636,252,1732
445,95,1636,253,1732
446,95,1636,261,1732
447,94,1636,265,1731
448,94,1636,270,1731
449,94,1636,275,1731
450,94,1636,280,1731
451,97,1636,283,1731
452,99,1637,288,1731
453,99,1637,290,1730
454,102,1636,292,1731
455,104,1636,292,1731
456,105,1635,291,1731
457,108,1635,291,1731
458,110,1635,288,1734
459,112,1635,287,1735
460,115,1634,287,1736
461,118,1634,287,1736
462,122,1634,288,1737
463,126,1634,288,1736
464,129,1634,288,1736
465,133,1633,289,1737
466,136,1633,289,1736
467,138,1632,289,1736
468,139,1630,289,1735
469,140,1629,289,1735
470,142,1629,290,1735
471,144,1630,290,1737
472,147,1629,291,1737
473,149,1628,291,1737
474,152,1628,291,1736
475,154,1628,291,1736
476,157,1627,297,1758
477,161,1626,310,1759
478,164,1626,322,1759
479,167,1627,335,1759
480,172,1626,344,1758
481,175,1627,352,1757
482,179,1628,354,1756
483,184,1625,357,1753
484,189,1628,356,1749
485,194,1628,356,1742
486,202,1629,360,1740
487,206,1629,362,1735
488,210,1630,362,1734
489,213,1630,362,1734
490,217,1632,362,1735
491,221,1632,363,1735
492,224,1633,361,1737
493,228,1634,361,1738
494,232,1635,361,1740
495,235,1636,361,1743
496,237,1637,360,1744
497,243,1638,361,1745
498,244,1638,362,1744
499,244,1638,362,1744
500,241,1641,371,1743
501,242,1643,385,1742
502,244,1643,395,1740
503,250,1644,406,1735
504,254,1645,417,1736
505,261,1647,421,1739
506,266,1650,427,1748
507,272,1653,429,1749
508,275,1653,429,1752
509,280,1656,429,1757
510,285,1659,429,1761
511,290,1665,429,1762
512,296,1665,429,1762
513,299,1665,429,1762
514,305,1665,430,1762
515,307,1668,430,1762
516,310,1671,430,1762
517,312,1673,430,1764
518,314,1673,430,1771
519,318,1672,429,1773
520,320,1670,429,1789
521,322,1671,433,1798
522,324,1672,449,1805
523,327,1676,462,1812
524,332,1677,472,1819
525,334,1680,477,1827
526,337,1681,482,1829
527,341,1685,483,1832
528,358,1687,485,1832
529,363,1693,487,1832
530,367,1698,488,1832
531,370,1701,487,1832
532,374,1706,487,1832
533,377,1709,487,1832
534,381,1712,487,1832
535,383,1715,487,1832
536,387,1716,487,1832
537,390,1718,487,1832
538,393,1716,488,1832
539,394,1715,500,1834
540,397,1714,512,1838
541,400,1714,515,1836
542,402,1714,519,1838
543,403,1711,534,1839
544,405,1712,524,1841
545,408,1714,529,1842
546,410,1715,533,1842
547,414,1719,548,1845
548,416,1723,551,1844
549,418,1727,554,1846
550,421,1732,553,1846
551,425,1736,555,1847
552,430,1740,559,1845
553,435,1746,557,1845
554,439,1752,552,1844
555,443,1756,550,1845
556,446,1756,549,1845
557,448,1756,547,1845
558,448,1758,549,1846
559,449,1755,552,1847
560,455,1754,552,1847
561,456,1755,552,1847
562,456,1755,552,1847
563,457,1753,552,1847
564,458,1752,551,1847
565,458,1751,551,1846
566,459,1749,550,1846
567,458,1747,550,1846
568,457,1745,550,1846
569,457,1726,550,1845
570,455,1726,550,1844
571,453,1723,549,1843
572,451,1723,549,1843
573,449,1722,548,1843
574,447,1722,548,1843
575,445,1720,548,1843
576,442,1715,548,1843
577,441,1712,548,1843
578,440,1709,548,1843
579,439,1705,549,1834
580,438,1703,552,1829
581,437,1698,549,1826
582,437,1695,559,1799
583,438,1688,545,1797
584,439,1688,555,1791
585,440,1683,555,1788
586,441,1679,555,1782
587,441,1679,557,1775
588,442,1677,560,1771
589,447,1672,560,1771
590,449,1670,561,1771
591,451,1669,561,1771
592,452,1669,561,1771
593,454,1671,561,1771
594,454,1672,561,1771
595,456,1672,561,1771
596,458,1672,561,1771
597,460,1670,561,1771
598,463,1670,562,1771
599,466,1670,562,1771
600,468,1669,562,1771
601,469,1669,562,1771
602,470,1669,562,1771
603,474,1669,562,1771
604,475,1669,562,1771
605,475,1668,562,1769
606,473,1668,561,1765
607,472,1668,561,1763
608,472,1670,561,1761
609,472,1671,561,1761
610,474,1672,561,1760
611,472,1672,561,1760
612,471,1672,561,1760
613,470,1672,561,1760
614,467,1672,561,1760
615,467,1672,561,1760
616,465,1672,561,1760
617,464,1673,561,1760
618,463,1673,561,1760
619,463,1673,561,1761
620,462,1672,561,1761
621,462,1672,561,1761
622,462,1671,561,1761
623,462,1671,561,1761
624,462,1671,561,1761
625,461,1669,561,1761
626,460,1668,561,1761
627,460,1668,561,1760
628,460,1665,561,1760
629,459,1664,561,1760
630,458,1663,561,1760
631,458,1663,561,1759
632,458,1663,561,1759
633,458,1663,561,1759
634,458,1662,561,1759
635,457,1662,561,1759
636,455,1662,561,1759
637,454,1662,561,1759
638,454,1662,561,1759
639,453,1664,561,1759
640,452,1669,561,1759
641,451,1670,561,1759
642,451,1669,561,1759
643,451,1669,561,1759
644,451,1668,561,1759
645,452,1668,561,1759
646,453,1666,561,1759
647,453,1666,561,1759
648,453,1665,561,1759
649,453,1664,561,1759
650,452,1664,561,1759
651,452,1664,561,1759
652,452,1664,561,1759
653,452,1664,561,1759
654,452,1665,561,1759
655,452,1665,561,1759
656,452,1665,561,1759
657,452,1663,561,1759
658,452,1663,561,1759
659,454,1663,561,1759
660,455,1662,561,1759
661,455,1662,561,1759
662,455,1662,561,1759
663,455,1663,561,1759
664,455,1663,561,1759
665,455,1663,561,1759
666,455,1663,561,1759
667,455,1663,561,1759
668,455,1663,561,1759
669,455,1663,561,1759
670,455,1663,561,1759
671,455,1663,561,1759
672,455,1663,561,1759
673,455,1663,561,1759
674,455,1663,561,1759
675,455,1663,561,1759
676,455,1663,561,1759
677,455,1663,561,1759
678,455,1664,561,1759
679,455,1663,561,1759
680,455,1662,561,1759
681,455,1661,561,1759
682,455,1660,561,1759
683,457,1660,561,1759
684,457,1658,561,1759
685,458,1658,561,1759
686,459,1658,561,1759
687,462,1658,561,1759
688,466,1658,561,1759
689,466,1658,561,1759
690,466,1658,561,1759
691,467,1658,561,1759
692,467,1658,561,1759
693,467,1658,561,1759
694,467,1657,561,1759
695,467,1657,561,1759
696,467,1657,561,1759
697,468,1657,561,1759
698,468,1657,561,1759
699,469,1657,561,1759
700,469,1657,561,1759
701,469,1657,561,1759
702,469,1659,561,1759
703,469,1659,561,1759
704,469,1659,561,1759
705,469,1659,561,1759
706,469,1660,561,1759
707,469,1660,561,1759
708,469,1661,561,1759
709,469,1662,561,1759
710,469,1663,561,1759
711,468,1663,561,1759
712,468,1663,561,1759
713,468,1663,561,1759
714,468,1664,561,1759
715,468,1664,561,1759
716,468,1664,561,1759
717,468,1665,561,1759
718,468,1665,561,1759
719,468,1665,561,1759
720,463,1664,561,1759
721,463,1663,561,1759
722,463,1664,561,1759
723,461,1665,563,1759
724,460,1666,564,1759
725,458,1667,566,1759
726,456,1666,567,1760
727,456,1666,568,1759
728,455,1667,568,1759
729,455,1666,568,1759
730,455,1665,568,1759
731,455,1665,572,1759
732,455,1664,573,1759
733,454,1664,573,1759
734,451,1664,573,1758
735,448,1664,573,1758
736,445,1664,573,1758
737,442,1664,573,1758
738,440,1664,573,1760
739,437,1664,573,1760
740,436,1665,571,1766
741,436,1665,571,1766
742,436,1665,570,1766
743,436,1665,587,1766
744,437,1666,587,1768
745,438,1667,587,1769
746,439,1667,587,1769
747,440,1667,587,1769
748,441,1667,587,1769
749,442,1667,587,1769
750,443,1667,587,1769
751,444,1667,587,1769
752,445,1667,587,1769
753,446,1667,587,1769
754,447,1667,587,1769
755,448,1665,587,1769
756,451,1663,587,1769
757,453,1663,587,1769
758,454,1662,587,1769
759,456,1662,587,1769
760,457,1662,587,1769
761,458,1662,587,1769
762,460,1662,587,1769
763,461,1662,587,1769
764,461,1662,587,1769
765,461,1662,587,1769
766,461,1663,587,1769
767,461,1663,587,1769
768,459,1663,587,1769
769,457,1663,587,1769
770,456,1663,587,1769
771,453,1663,587,1769
772,451,1663,587,1769
773,450,1663,587,1770
774,448,1663,587,1769
775,446,1662,587,1769
776,444,1660,587,1767
777,442,1660,587,1766
778,440,1658,587,1766
779,440,1658,587,1768
780,439,1658,587,1773
781,439,1660,587,1778
782,437,1661,587,1782
783,435,1663,587,1782
784,418,1663,587,1780
785,419,1663,587,1781
786,413,1663,587,1777
787,412,1663,587,1775
788,412,1663,587,1775
789,412,1660,587,1775
790,412,1659,587,1775
791,412,1659,587,1775
792,413,1659,587,1776
793,412,1659,587,1778
794,412,1659,587,1778
795,412,1659,587,1778
796,412,1660,587,1778
797,412,1660,587,1778
798,412,1660,587,1778
799,412,1660,587,1778
800,412,1660,587,1778
801,412,1660,587,1778
802,412,1660,587,1778
803,412,1660,587,1778
804,413,1660,587,1780
805,416,1660,587,1783
806,416,1659,587,1783
807,417,1659,587,1784
808,419,1659,587,1788
809,419,1659,587,1788
810,427,1660,587,1800
811,432,1660,587,1800
812,440,1661,587,1799
813,442,1661,590,1807
814,444,1662,594,1809
815,446,1663,596,1810
816,448,1662,596,1812
817,460,1661,597,1814
818,464,1662,597,1813
819,471,1661,599,1816
820,474,1661,599,1823
821,477,1661,599,1821
822,480,1662,599,1824
823,481,1661,599,1824
824,482,1661,601,1824
825,485,1662,604,1831
826,489,1662,605,1833
827,492,1659,611,1834
828,494,1659,613,1832
829,495,1659,619,1829
830,499,1659,625,1823
831,501,1659,629,1816
832,509,1657,632,1804
833,517,1663,638,1794
834,529,1663,642,1789
835,531,1665,649,1778
836,546,1668,677,1774
837,551,1668,686,1770
838,552,1668,692,1769
839,552,1667,694,1768
840,555,1673,697,1763
841,557,1673,701,1764
842,559,1673,703,1764
843,578,1673,702,1765
844,598,1676,710,1766
845,616,1680,718,1766
846,642,1682,725,1773
847,649,1681,730,1801
848,655,1677,740,1806
849,662,1677,749,1810
850,652,1682,789,1812
851,657,1682,796,1817
852,655,1687,799,1820
853,654,1694,800,1823
854,658,1699,801,1825
855,659,1706,804,1827
856,689,1709,809,1824
857,711,1717,816,1823
858,719,1730,825,1826
859,717,1737,832,1831
860,717,1746,845,1857
861,717,1752,844,1877
862,718,1756,849,1884
863,722,1757,858,1886
864,727,1758,875,1886
865,737,1763,881,1885
866,748,1772,886,1885
867,758,1787,892,1885
868,768,1789,896,1885
869,779,1793,902,1885
870,791,1795,910,1885
871,795,1798,915,1885
872,800,1800,923,1886
873,800,1802,929,1890
874,801,1802,937,1891
875,801,1802,946,1893
876,803,1802,953,1898
877,806,1803,960,1899
878,805,1804,966,1900
879,804,1804,969,1918
880,803,1804,971,1918
881,805,1805,972,1924
882,807,1805,972,1928
883,807,1806,971,1928
884,808,1806,970,1932
885,808,1808,970,1935
886,808,1809,970,1935
887,808,1809,970,1936
888,808,1810,969,1935
889,808,1811,969,1935
890,808,1812,969,1936
891,809,1813,971,1936
892,810,1814,972,1937
893,810,1814,974,1937
894,810,1815,977,1935
895,810,1816,979,1935
896,810,1817,984,1936
897,810,1818,986,1937
898,812,1818,990,1939
899,812,1819,990,1941
900,812,1820,990,1940
901,811,1822,991,1939
902,809,1825,988,1935
903,806,1829,981,1928
904,805,1831,974,1920
905,804,1837,960,1920
906,804,1841,959,1921
907,804,1838,955,1919
908,804,1834,952,1914
909,807,1830,942,1912
910,792,1825,940,1912
911,773,1824,930,1912
912,760,1822,927,1915
913,750,1822,924,1915
914,743,1818,931,1920
915,744,1817,945,1923
916,749,1817,949,1929
917,755,1818,950,1929
918,753,1819,975,1930
919,753,1821,978,1935
920,753,1828,981,1935
921,752,1835,959,1938
922,753,1842,956,1938
923,753,1851,936,1939
924,753,1845,916,1942
925,753,1834,915,1942
926,753,1828,911,1941
927,753,1821,899,1937
928,756,1818,909,1931
929,770,1817,916,1923
930,803,1817,924,1921
931,819,1821,934,1939
932,820,1819,939,1947
933,827,1817,942,1949
934,827,1809,961,1950
935,827,1798,984,1950
936,827,1794,1006,1950
937,827,1771,1030,1946
938,831,1769,1045,1932
939,861,1757,1057,1917
940,889,1742,1064,1895
941,929,1729,1074,1885
942,958,1713,1089,1884
943,971,1696,1100,1882
944,979,1682,1107,1881
945,985,1667,1119,1861
946,1016,1649,1131,1834
947,1039,1636,1143,1810
948,1051,1623,1156,1772
949,1051,1609,1168,1737
950,1051,1596,1181,1736
951,1052,1583,1195,1734
952,1059,1569,1207,1727
953,1070,1559,1219,1716
954,1107,1552,1232,1692
955,1138,1541,1244,1667
956,1151,1531,1256,1634
957,1154,1522,1267,1606
958,1187,1405,1276,1600
959,1200,1379,1285,1579
960,1204,1361,1295,1573
961,1216,1345,1300,1573
962,1222,1335,1310,1574
963,1223,1333,1315,1571
964,1224,1331,1320,1570
965,1229,1331,1322,1569
966,1239,1331,1322,1569
967,1249,1331,1322,1570
968,1249,1331,1322,1573
969,1250,1331,1322,1578
970,1252,1333,1322,1588
971,1253,1339,1322,1594
972,1253,1350,1322,1597
973,1261,1364,1322,1597
974,1261,1382,1322,1599
975,1257,1404,1322,1604
976,1251,1423,1322,1607
977,1249,1423,1322,1611
978,1245,1523,1322,1619
979,1234,1523,1322,1652
980,1229,1525,1322,1678
981,1225,1529,1322,1691
982,1224,1547,1322,1696
983,1223,1557,1322,1697
984,1221,1574,1322,1698
985,1220,1591,1322,1698
986,1220,1603,1322,1701
987,1218,1610,1322,1732
988,1210,1618,1307,1748
989,1188,1630,1300,1763
990,1155,1635,1295,1788
991,1142,1645,1291,1795
992,1138,1648,1286,1795
993,1138,1657,1281,1796
994,1138,1658,1275,1796
995,1138,1662,1271,1796
996,1137,1664,1267,1797
997,1135,1666,1263,1802
998,1097,1668,1255,1806
999,1067,1673,1249,1830
1000,1048,1681,1232,1836
1001,1043,1684,1222,1837
1002,1042,1692,1217,1836
1003,1039,1699,1215,1842
1004,1038,1706,1202,1857
1005,1038,1711,1196,1861
1006,1038,1719,1193,1868
1007,1038,1724,1190,1867
1008,1041,1730,1189,1868
1009,1041,1733,1187,1868
1010,1041,1737,1184,1868
1011,1037,1740,1183,1868
1012,1034,1741,1179,1867
1013,1019,1744,1174,1868
1014,1009,1745,1169,1868
1015,994,1745,1166,1868
1016,986,1746,1161,1873
1017,976,1747,1154,1868
1018,971,1748,1143,1868
1019,971,1747,1134,1867
1020,971,1741,1129,1870
1021,971,1733,1123,1868
1022,971,1728,1116,1864
1023,971,1722,1105,1851
1024,971,1717,1094,1841
1025,970,1713,1082,1831
1026,969,1710,1076,1825
1027,970,1708,1070,1820
1028,965,1706,1061,1812
1029,924,1704,1059,1812
1030,901,1702,1048,1804
1031,879,1699,1041,1800
1032,866,1698,1029,1796
1033,865,1696,1023,1796
1034,863,1694,1024,1795
1035,861,1689,1022,1792
1036,860,1687,996,1782
1037,859,1683,990,1779
1038,858,1680,975,1778
1039,858,1677,959,1773
1040,855,1672,951,1768
1041,843,1670,942,1763
1042,810,1663,933,1765
1043,792,1662,924,1765
1044,766,1659,917,1765
1045,748,1654,908,1765
1046,747,1647,905,1765
1047,743,1645,902,1763
1048,741,1645,896,1760
1049,741,1638,883,1758
1050,741,1630,871,1749
1051,741,1628,858,1747
1052,740,1618,837,1743
1053,737,1608,828,1737
1054,726,1605,818,1733
1055,717,1602,809,1740
1056,685,1603,802,1726
1057,659,1582,795,1730
1058,650,1583,790,1733
1059,646,1585,789,1731
1060,642,1579,789,1729
1061,642,1572,788,1723
1062,642,1571,781,1720
1063,642,1574,773,1717
1064,642,1573,770,1705
1065,641,1576,747,1705
1066,641,1575,734,1706
1067,641,1571,718,1700
1068,629,1570,711,1690
1069,623,1568,705,1688
1070,607,1567,700,1688
1071,600,1566,695,1688
1072,596,1563,691,1688
1073,596,1563,690,1688
1074,596,1563,691,1688
1075,596,1561,690,1688
1076,595,1561,690,1687
1077,594,1542,689,1687
1078,594,1528,688,1685
1079,592,1529,687,1683
1080,586,1530,683,1681
1081,582,1533,682,1678
1082,568,1537,680,1677
1083,568,1540,679,1677
1084,563,1541,678,1676
1085,563,1541,678,1673
1086,563,1540,679,1668
1087,564,1540,680,1663
1088,564,1539,680,1659
1089,564,1536,681,1656
1090,565,1535,682,1654
1091,566,1535,682,1654
1092,569,1535,682,1653
1093,579,1534,682,1652
1094,584,1533,680,1652
1095,589,1533,676,1652
1096,592,1531,673,1651
1097,592,1531,676,1650
1098,594,1528,675,1650
1099,594,1528,677,1650
1100,595,1528,678,1650
1101,595,1527,680,1650
1102,595,1525,682,1650
1103,595,1522,684,1650
1104,595,1520,687,1649
1105,596,1520,687,1649
1106,596,1518,689,1649
1107,596,1517,692,1649
1108,596,1517,693,1649
1109,598,1514,695,1651
1110,600,1513,697,1651
1111,601,1513,701,1648
1112,602,1513,701,1640
1113,603,1510,704,1631
1114,605,1509,705,1621
1115,607,1506,707,1614
1116,612,1504,708,1614
1117,615,1502,707,1614
1118,618,1499,706,1614
1119,619,1498,706,1614
1120,619,1496,706,1614
1121,620,1492,704,1614
1122,621,1492,703,1614
1123,622,1492,702,1614
1124,623,1485,702,1614
1125,624,1481,701,1614
1126,625,1477,700,1614
1127,625,1474,700,1614
1128,626,1469,701,1614
1129,626,1466,705,1614
1130,626,1462,705,1614
1131,628,1456,706,1613
1132,629,1452,708,1613
1133,632,1447,708,1613
1134,634,1443,708,1613
1135,628,1438,708,1605
1136,621,1436,709,1595
1137,621,1436,709,1581
1138,624,1437,711,1575
1139,632,1436,715,1570
1140,633,1436,716,1566
1141,641,1436,719,1559
1142,645,1436,720,1550
1143,647,1436,724,1552
1144,656,1436,726,1552
1145,656,1422,728,1552
1146,658,1412,732,1552
1147,660,1405,734,1557
1148,659,1402,736,1557
1149,663,1401,738,1557
1150,663,1400,740,1557
1151,663,1400,741,1555
1152,666,1401,741,1550
1153,666,1401,745,1544
1154,668,1400,746,1530
1155,671,1400,751,1523
1156,679,1400,756,1513
1157,685,1400,780,1502
1158,683,1386,786,1498
1159,683,1372,800,1497
1160,683,1362,815,1497
1161,684,1357,824,1496
1162,684,1349,825,1494
1163,685,1347,826,1493
1164,687,1345,827,1488
1165,690,1344,828,1484
1166,695,1343,827,1477
1167,705,1343,828,1466
1168,737,1343,833,1443
1169,748,1342,838,1443
1170,765,1340,853,1443
1171,780,1322,866,1443
1172,780,1306,873,1443
1173,780,1290,878,1443
1174,781,1279,885,1443
1175,781,1275,896,1443
1176,781,1272,906,1439
1177,783,1271,914,1433
1178,789,1271,923,1427
1179,799,1271,930,1423
1180,812,1271,935,1418
1181,827,1271,938,1412
1182,840,1270,940,1408
1183,855,1270,947,1402
1184,855,1269,951,1396
1185,855,1268,961,1392
1186,855,1250,967,1385
1187,855,1235,978,1381
1188,855,1228,993,1379
1189,855,1222,997,1377
1190,858,1216,1001,1369
1191,862,1211,1005,1365
1192,868,1209,1013,1353
1193,877,1208,1021,1346
1194,891,1208,1026,1341
1195,905,1208,1031,1337
1196,918,1209,1039,1332
1197,931,1204,1048,1328
1198,944,1184,1056,1323
1199,949,1165,1064,1319
1200,951,1152,1070,1313
1201,951,1143,1075,1305
1202,951,1132,1078,1298
1203,951,1125,1083,1290
1204,951,1123,1092,1283
1205,951,1123,1102,1280
1206,951,1123,1107,1273
1207,956,1123,1102,1266
1208,960,1123,1102,1266
1209,964,1123,1100,1255
1210,971,1122,1103,1249
1211,978,1113,1105,1243
1212,982,1100,1107,1236
1213,989,1086,1108,1231
1214,997,1075,1110,1225
1215,996,1066,1112,1220
1216,993,1059,1116,1214
1217,990,1055,1115,1209
1218,988,1052,1113,1203
1219,987,1047,1112,1201
1220,986,1047,1108,1200
1221,985,1045,1107,1200
1222,986,1045,1103,1196
1223,986,1045,1103,1192
1224,985,1045,1100,1187
1225,979,1045,1099,1180
1226,971,1045,1097,1174
1227,960,1045,1093,1168
1228,954,1045,1089,1166
1229,947,1045,1087,1163
1230,947,1045,1082,1166
1231,937,1045,1080,1165
1232,935,1045,1075,1165
1233,934,1046,1072,1165
1234,932,1046,1067,1166
1235,931,1047,1062,1167
1236,930,1048,1058,1167
1237,930,1048,1054,1167
1238,930,1051,1048,1167
1239,930,1052,1044,1167
1240,916,1048,1040,1167
1241,911,1045,1035,1167
1242,901,1045,1032,1167
1243,895,1048,1028,1168
1244,888,1050,1024,1170
1245,876,1056,1020,1172
1246,859,1060,1014,1174
1247,846,1059,1009,1176
1248,832,1059,1005,1178
1249,833,1059,997,1178
1250,824,1059,992,1179
1251,807,1059,985,1178
1252,797,1060,979,1177
1253,788,1061,977,1175
1254,786,1062,974,1171
1255,781,1063,971,1170
1256,778,1064,968,1170
1257,771,1068,967,1172
1258,772,1070,967,1173
1259,773,1070,968,1174
1260,773,1070,969,1176
1261,772,1070,969,1178
1262,781,1070,968,1179
1263,791,1070,966,1180
1264,804,1068,963,1180
1265,817,1066,960,1180
1266,828,1066,956,1180
1267,829,1065,951,1180
1268,830,1063,949,1179
1269,830,1062,949,1179
1270,830,1062,952,1181
1271,830,1061,952,1180
1272,830,1060,954,1180
1273,830,1059,956,1177
1274,831,1058,957,1177
1275,831,1058,960,1177
1276,831,1059,964,1175
1277,832,1059,968,1173
1278,833,1058,973,1173
1279,833,1058,976,1172
1280,833,1057,979,1172
1281,834,1057,984,1171
1282,835,1057,987,1172
1283,841,1057,990,1173
1284,848,1057,994,1173
1285,856,1057,997,1174
1286,866,1057,1000,1174
1287,874,1057,1003,1175
1288,885,1057,1007,1175
1289,896,1057,1010,1177
1290,900,1057,1011,1180
1291,900,1057,1014,1182
1292,901,1058,1017,1183
1293,902,1058,1019,1185
1294,904,1059,1021,1189
1295,904,1059,1024,1190
1296,905,1060,1027,1194
1297,907,1062,1030,1198
1298,908,1063,1033,1202
1299,913,1066,1035,1206
1300,921,1070,1037,1207
1301,926,1072,1040,1210
1302,934,1077,1043,1213
1303,943,1078,1045,1214
1304,945,1081,1047,1215
1305,945,1082,1050,1218
1306,945,1082,1054,1218
1307,945,1082,1056,1220
1308,945,1086,1059,1220
1309,945,1088,1062,1221
1310,945,1090,1066,1222
1311,945,1092,1069,1223
1312,945,1093,1073,1223
1313,945,1093,1078,1225
1314,945,1093,1082,1226
1315,945,1092,1087,1227
1316,945,1092,1091,1228
1317,945,1092,1095,1229
1318,940,1091,1097,1230
1319,934,1091,1100,1231
1320,933,1091,1101,1229
1321,936,1090,1102,1230
1322,938,1088,1102,1230
1323,938,1088,1102,1229
1324,938,1087,1103,1229
1325,938,1087,1102,1229
1326,938,1086,1100,1229
1327,938,1086,1097,1229
1328,938,1086,1094,1229
1329,938,1085,1092,1229
1330,938,1085,1092,1229
1331,938,1085,1089,1228
1332,938,1085,1087,1229
1333,938,1085,1084,1228
1334,938,1085,1081,1229
1335,938,1085,1078,1229
1336,938,1085,1077,1230
1337,938,1085,1075,1230
1338,938,1085,1074,1230
1339,938,1084,1074,1231
1340,938,1083,1074,1231
1341,938,1082,1074,1231
1342,938,1081,1073,1231
1343,938,1080,1073,1231
1344,938,1080,1073,1231
1345,938,1079,1073,1231
1346,938,1079,1073,1231
1347,938,1078,1074,1231
1348,938,1078,1074,1231
1349,938,1078,1074,1231
1350,938,1078,1074,1231
1351,938,1078,1075,1231
1352,938,1078,1075,1231
1353,938,1078,1075,1231
1354,938,1078,1075,1231
1355,938,1078,1075,1231
1356,938,1078,1076,1231
1357,938,1078,1077,1231
1358,938,1077,1077,1231
1359,938,1077,1077,1231
1360,938,1077,1078,1231
1361,938,1077,1078,1231
1362,938,1077,1078,1231
1363,938,1077,1079,1231
1364,938,1077,1079,1231
1365,938,1077,1080,1231
1366,938,1077,1081,1231
1367,938,1077,1082,1231
1368,938,1077,1082,1231
1369,938,1077,1082,1231
1370,938,1077,1082,1231
1371,938,1078,1082,1231
1372,938,1078,1082,1231
1373,938,1079,1081,1231
1374,938,1079,1081,1230
1375,938,1079,1081,1228
1376,938,1079,1083,1225
1377,938,1079,1082,1225
1378,938,1079,1079,1225
1379,938,1078,1079,1225
1380,938,1078,1078,1225
1381,938,1078,1077,1225
1382,938,1078,1077,1226
1383,938,1078,1077,1226
1384,938,1078,1077,1226
1385,938,1078,1077,1226
1386,938,1077,1077,1226
1387,938,1077,1077,1226
1388,938,1077,1077,1226
1389,938,1077,1077,1227
1390,938,1077,1076,1227
1391,938,1077,1076,1227
1392,938,1077,1076,1227
1393,938,1077,1076,1227
1394,938,1077,1076,1227
1395,938,1077,1075,1227
1396,938,1077,1075,1228
1397,938,1077,1075,1228
1398,938,1077,1075,1228
1399,938,1077,1075,1228
1400,938,1077,1075,1228
1401,938,1077,1075,1228
1402,938,1078,1075,1228
1403,938,1078,1075,1228
1404,938,1078,1075,1228
1405,938,1078,1076,1228
1406,938,1078,1076,1228
1407,938,1080,1076,1228
1408,938,1081,1076,1226
1409,938,1081,1075,1224
1410,938,1081,1075,1223
1411,938,1082,1074,1222
1412,938,1083,1074,1221
1413,938,1084,1074,1219
1414,938,1084,1073,1218
1415,938,1084,1071,1217
1416,938,1084,1069,1216
1417,938,1085,1067,1215
1418,938,1085,1067,1214
1419,938,1085,1063,1212
1420,924,1085,1061,1211
1421,907,1085,1058,1212
1422,907,1085,1055,1211
1423,903,1085,1054,1211
1424,902,1085,1053,1210
1425,901,1082,1052,1209
1426,900,1082,1051,1208
1427,898,1079,1049,1207
1428,897,1072,1048,1204
1429,892,1068,1048,1202
1430,891,1061,1047,1201
1431,891,1054,1046,1200
1432,891,1047,1045,1200
1433,893,1040,1045,1199
1434,905,1035,1045,1202
1435,907,1029,1046,1203
1436,928,1022,1045,1202
1437,939,1020,1046,1193
1438,939,1017,1050,1186
1439,939,1014,1051,1184
1440,939,1011,1055,1182
1441,939,1008,1057,1182
1442,939,1005,1061,1180
1443,939,1004,1064,1175
1444,939,1002,1067,1170
1445,939,1002,1070,1167
1446,939,1002,1073,1165
1447,941,1002,1075,1161
1448,943,1002,1078,1157
1449,944,1002,1078,1155
1450,944,1002,1081,1147
1451,946,1002,1082,1139
1452,948,1002,1083,1136
1453,949,1002,1084,1132
1454,949,1002,1085,1130
1455,950,1002,1086,1128
1456,950,1002,1086,1127
1457,950,1002,1086,1126
1458,950,1002,1086,1126
1459,950,1002,1087,1126
1460,951,1002,1087,1126
1461,951,1002,1087,1127
1462,951,1002,1086,1129
1463,952,1002,1086,1129
1464,954,1002,1086,1134
1465,955,1002,1085,1135
1466,955,1002,1084,1135
1467,954,1002,1082,1136
1468,954,1002,1082,1137
1469,954,1002,1081,1140
1470,954,1002,1080,1143
1471,954,1004,1079,1146
1472,954,1008,1078,1150
1473,954,1011,1078,1153
1474,954,1015,1078,1156
1475,954,1018,1078,1158
1476,954,1022,1078,1160
1477,954,1027,1078,1160
1478,954,1029,1078,1160
1479,954,1032,1079,1161
1480,954,1037,1079,1161
1481,954,1039,1080,1161
1482,954,1039,1081,1161
1483,954,1038,1083,1161
1484,954,1037,1085,1161
1485,954,1035,1087,1161
1486,954,1035,1090,1162
1487,954,1034,1094,1163
1488,954,1034,1097,1164
1489,954,1034,1100,1163
1490,954,1033,1105,1164
1491,954,1033,1108,1163
1492,954,1033,1111,1163
1493,954,1033,1115,1163
1494,954,1033,1117,1162
1495,954,1033,1119,1161
1496,954,1033,1123,1160
1497,954,1033,1128,1156
1498,954,1033,1132,1149
1499,954,1033,1135,1146
1500,954,1033,1138,1151
1501,954,1033,1138,1157
1502,954,1033,1138,1155
1503,954,1032,1136,1149
1504,954,1032,1134,1150
1505,954,1032,1132,1148
1506,954,1032,1130,1148
1507,954,1032,1130,1149
1508,954,1032,1128,1150
1509,954,1032,1126,1152
1510,954,1032,1125,1152
1511,954,1032,1125,1152
1512,954,1032,1125,1152
1513,954,1032,1125,1152
1514,954,1032,1122,1152
1515,954,1032,1122,1153
1516,954,1032,1122,1154
1517,954,1032,1119,1155
1518,954,1032,1118,1157
1519,954,1032,1117,1158
1520,954,1032,1116,1157
1521,954,1032,1117,1156
1522,954,1032,1118,1157
1523,954,1032,1120,1156
1524,954,1032,1121,1157
1525,954,1032,1121,1157
1526,954,1032,1122,1157
1527,954,1032,1122,1157
1528,954,1032,1121,1157
1529,954,1032,1121,1157
1530,954,1032,1119,1157
1531,954,1032,1118,1157
1532,954,1032,1117,1159
1533,954,1032,1113,1159
1534,954,1032,1113,1159
1535,954,1032,1111,1160
1536,954,1032,1108,1160
1537,954,1032,1107,1161
1538,954,1032,1107,1161
1539,954,1032,1106,1161
1540,954,1032,1106,1161
1541,954,1032,1106,1161
1542,954,1032,1106,1161
1543,954,1032,1106,1161
1544,954,1032,1106,1162
1545,954,1032,1106,1163
1546,954,1032,1105,1164
1547,954,1032,1105,1165
1548,954,1032,1105,1165
1549,954,1032,1105,1166
1550,954,1032,1105,1166
1551,954,1032,1105,1166
1552,954,1032,1105,1166
1553,954,1032,1105,1166
1554,954,1032,1105,1166
1555,954,1032,1106,1166
1556,954,1032,1106,1166
1557,954,1032,1106,1166
1558,954,1032,1106,1165
1559,954,1032,1106,1164
1560,954,1032,1106,1164
1561,954,1032,1106,1164
1562,954,1032,1106,1163
1563,954,1032,1106,1163
1564,954,1032,1106,1163
1565,954,1032,1106,1163
1566,954,1032,1106,1163
1567,954,1032,1106,1163
1568,954,1032,1106,1163
1569,954,1032,1106,1163
1570,954,1032,1106,1163
1571,954,1032,1106,1163
1572,954,1032,1106,1163
1573,954,1032,1106,1163
1574,954,1032,1105,1163
1575,954,1032,1105,1163
1576,954,1032,1105,1163
1577,954,1032,1105,1163
1578,954,1032,1105,1163
1579,954,1032,1105,1163
1580,954,1032,1105,1163
1581,954,1032,1105,1163
1582,954,1032,1105,1163
1583,954,1032,1105,1163
1584,954,1032,1105,1163
1585,954,1032,1105,1163
1586,954,1032,1105,1163
1587,954,1032,1105,1163
1588,954,1032,1105,1163
1589,954,1032,1105,1163
1590,954,1032,1105,1163
1591,954,1032,1105,1163
1592,954,1032,1105,1163
1593,954,1032,1105,1163
1594,954,1032,1105,1163
1595,954,1032,1105,1163
1596,954,1032,1105,1163
1597,954,1032,1105,1163
1598,954,1032,1105,1163
1599,954,1032,1105,1163
1600,954,1032,1105,1163
1601,954,1032,1105,1163
1602,954,1032,1105,1163
1603,954,1032,1105,1164
1604,954,1032,1105,1164
1605,954,1032,1105,1164
1606,954,1032,1105,1164
1607,954,1032,1105,1164
1608,954,1032,1106,1164
1609,954,1032,1106,1164
1610,954,1032,1106,1164
1611,954,1032,1106,1163
1612,954,1032,1106,1163
1613,954,1032,1107,1163
1614,954,1032,1108,1162
1615,954,1032,1109,1162
1616,954,1032,1109,1162
1617,954,1032,1110,1162
1618,954,1032,1111,1161
1619,954,1032,1112,1160
1620,954,1032,1113,1160
1621,954,1032,1114,1160
1622,954,1032,1115,1160
1623,954,1032,1117,1160
1624,950,1032,1117,1160
1625,947,1032,1117,1160
1626,947,1032,1117,1160
1627,947,1032,1117,1160
1628,947,1032,1117,1160
1629,947,1032,1117,1160
1630,947,1032,1115,1160
1631,947,1032,1113,1160
1632,947,1032,1110,1161
1633,947,1032,1106,1161
1634,947,1033,1101,1161
1635,947,1033,1099,1162
1636,947,1033,1096,1162
1637,947,1034,1094,1163
1638,947,1035,1091,1163
1639,947,1035,1089,1164
1640,947,1035,1087,1165
1641,947,1035,1087,1166
1642,947,1035,1087,1166
1643,947,1035,1087,1168
1644,947,1035,1088,1169
1645,947,1035,1090,1171
1646,947,1035,1091,1173
1647,947,1035,1093,1173
1648,947,1035,1094,1174
1649,945,1037,1095,1176
1650,935,1038,1093,1177
1651,922,1039,1092,1178
1652,918,1037,1091,1179
1653,917,1036,1090,1177
1654,917,1034,1090,1176
1655,917,1034,1098,1175
1656,917,1034,1107,1175
1657,917,1036,1116,1176
1658,922,1049,1129,1178
1659,942,1047,1139,1178
1660,968,1045,1148,1178
1661,998,1044,1157,1178
1662,1028,1043,1165,1178
1663,1053,1047,1174,1177
1664,1056,1050,1183,1174
1665,1056,1049,1189,1172
1666,1056,1048,1198,1170
1667,1056,1047,1208,1167
1668,1056,1047,1217,1167
1669,1056,1047,1225,1168
1670,1059,1047,1236,1169
1671,1071,1045,1246,1170
1672,1089,1041,1256,1170
1673,1111,1037,1266,1171
1674,1136,1034,1276,1169
1675,1163,1032,1284,1170
1676,1178,1032,1299,1170
1677,1185,1029,1313,1170
1678,1185,1026,1321,1170
1679,1185,1027,1322,1170
1680,1185,1027,1322,1170
1681,1185,1029,1322,1169
1682,1186,1028,1322,1169
1683,1193,1027,1322,1169
1684,1207,1027,1322,1169
1685,1223,1027,1322,1169
1686,1235,1027,1322,1169
1687,1241,1028,1322,1170
1688,1248,1028,1322,1171
1689,1248,1028,1322,1170
1690,1248,1028,1322,1170
1691,1248,1028,1322,1148
1692,1248,1028,1322,1148
1693,1248,1028,1322,1149
1694,1248,1028,1322,1129
1695,1248,1028,1322,1129
1696,1248,1028,1322,1130
1697,1249,1031,1322,1130
1698,1249,1035,1322,1133
1699,1252,1040,1322,1140
1700,1259,1046,1322,1146
1701,1263,1056,1322,1156
1702,1265,1067,1322,1159
1703,1266,1078,1322,1166
1704,1267,1089,1322,1174
1705,1267,1105,1322,1181
1706,1269,1117,1322,1189
1707,1270,1132,1322,1197
1708,1270,1145,1322,1205
1709,1270,1151,1322,1216
1710,1270,1154,1322,1223
1711,1270,1154,1322,1232
1712,1270,1154,1322,1241
1713,1254,1156,1322,1259
1714,1247,1156,1322,1280
1715,1245,1156,1322,1312
1716,1249,1157,1322,1354
1717,1269,1160,1322,1383
1718,1269,1165,1322,1411
1719,1269,1173,1322,1412
1720,1250,1184,1322,1419
1721,1241,1200,1322,1427
1722,1236,1222,1322,1439
1723,1235,1250,1322,1442
1724,1218,1282,1322,1443
1725,1200,1294,1322,1471
1726,1184,1295,1322,1505
1727,1172,1298,1322,1540
1728,1165,1312,1322,1572
1729,1155,1337,1322,1590
1730,1149,1372,1322,1604
1731,1145,1424,1322,1612
1732,1136,1437,1316,1623
1733,1130,1442,1313,1630
1734,1128,1454,1313,1679
1735,1127,1548,1296,1715
1736,1127,1557,1301,1727
1737,1127,1559,1308,1731
1738,1127,1574,1319,1731
1739,1127,1579,1322,1731
1740,1130,1583,1322,1737
1741,1153,1588,1322,1718
1742,1178,1591,1322,1719
1743,1187,1584,1322,1724
1744,1182,1619,1322,1737
1745,1173,1650,1322,1747
1746,1171,1657,1322,1765
1747,1171,1660,1322,1774
1748,1174,1670,1322,1797
1749,1173,1679,1322,1809
1750,1168,1691,1322,1833
1751,1162,1705,1322,1851
1752,1152,1721,1322,1862
1753,1147,1733,1322,1870
1754,1139,1735,1322,1875
1755,1133,1743,1322,1877
1756,1129,1753,1322,1878
1757,1128,1757,1322,1879
1758,1127,1785,1322,1880
1759,1147,1786,1322,1905
1760,1157,1787,1322,1899
1761,1172,1789,1322,1895
1762,1185,1795,1322,1900
1763,1200,1802,1322,1905
1764,1200,1808,1322,1921
1765,1200,1818,1322,1926
1766,1200,1830,1322,1943
1767,1200,1834,1322,1947
1768,1201,1834,1322,1948
1769,1217,1834,1322,1948
1770,1246,1834,1322,1948
1771,1274,1849,1322,1948
1772,1289,1917,1322,1948
1773,1288,1916,1322,1948
1774,1288,1916,1322,1948
1775,1288,1916,1322,1948
1776,0,0,0,0
1777,0,0,0,0
1778,0,0,0,0
1779,0,0,0,0
1780,0,0,0,0
1781,0,0,0,0
1782,0,0,0,0
1783,0,0,0,0
1784,0,0,0,0
1785,0,0,0,0
1786,0,0,0,0
1787,0,0,0,0
1788,0,0,0,0
1789,0,0,0,0
1790,0,0,0,0
1791,0,0,0,0
1792,0,0,0,0
1793,0,0,0,0
1794,0,0,0,0
1795,1307,1870,1322,1901
1796,1307,1868,1322,1901
1797,1313,1867,1322,1897
1798,0,0,0,0
1799,0,0,0,0
1800,0,0,0,0
1801,0,0,0,0
1802,0,0,0,0
1803,0,0,0,0
1804,0,0,0,0
1805,0,0,0,0
1806,0,0,0,0
1807,1278,1831,1322,1894
1808,1275,1824,1322,1894
1809,1249,1816,1322,1893
1810,1226,1811,1322,1892
1811,1210,1810,1322,1891
