1,586,1809,687,1928
2,586,1809,686,1928
3,586,1811,686,1928
4,578,1811,694,1927
5,576,1812,696,1926
6,569,1812,702,1927
7,566,1813,703,1926
8,564,1813,705,1927
9,564,1814,704,1926
10,564,1815,703,1926
11,565,1815,702,1925
12,565,1815,701,1921
13,566,1816,700,1919
14,566,1816,700,1917
15,566,1816,700,1915
16,566,1816,700,1915
17,566,1816,700,1914
18,566,1816,700,1914
19,566,1816,701,1914
20,567,1816,703,1914
21,567,1816,703,1914
22,568,1816,704,1914
23,569,1816,704,1914
24,570,1816,707,1914
25,570,1816,708,1915
26,572,1816,707,1916
27,572,1816,707,1916
28,572,1816,707,1916
29,572,1816,708,1916
30,572,1816,708,1916
31,572,1816,708,1916
32,572,1816,708,1916
33,572,1816,708,1915
34,572,1816,708,1915
35,573,1816,708,1915
36,572,1816,708,1915
37,572,1816,708,1915
38,572,1816,708,1915
39,572,1816,708,1915
40,572,1816,708,1916
41,572,1816,708,1918
42,572,1816,708,1919
43,572,1816,708,1919
44,572,1815,708,1919
45,572,1814,708,1918
46,572,1813,708,1917
47,569,1813,712,1917
48,568,1812,714,1916
49,567,1811,715,1915
50,565,1811,717,1916
51,563,1809,718,1918
52,560,1811,718,1917
53,555,1813,716,1917
54,551,1813,716,1917
55,548,1813,714,1920
56,544,1813,711,1920
57,541,1815,708,1920
58,540,1814,707,1920
59,538,1814,705,1920
60,538,1815,705,1922
61,538,1815,704,1925
62,538,1815,704,1926
63,538,1814,704,1928
64,538,1814,704,1929
65,538,1815,704,1931
66,539,1815,704,1934
67,540,1816,707,1936
68,542,1817,708,1938
69,545,1819,711,1940
70,549,1820,714,1941
71,552,1821,717,1941
72,554,1821,718,1942
73,555,1822,719,1943
74,553,1823,720,1944
75,551,1823,720,1943
76,548,1824,717,1945
77,546,1825,714,1943
78,553,1826,728,1942
79,551,1826,736,1939
80,546,1826,740,1939
81,546,1826,743,1938
82,546,1826,746,1936
83,542,1825,753,1941
84,535,1825,753,1945
85,529,1825,754,1949
86,519,1827,754,1949
87,516,1827,749,1949
88,516,1828,749,1950
89,516,1828,742,1952
90,530,1828,732,1952
91,528,1829,716,1953
92,532,1829,715,1952
93,549,1829,712,1946
94,548,1830,708,1943
95,544,1831,708,1943
96,544,1831,708,1940
97,543,1833,707,1935
98,543,1834,706,1931
99,516,1832,706,1929
100,490,1836,706,1919
101,485,1834,704,1918
102,479,1831,690,1918
103,463,1826,664,1923
104,445,1818,635,1929
105,425,1820,595,1930
106,410,1823,594,1931
107,393,1825,591,1935
108,364,1820,583,1940
109,336,1815,564,1940
110,317,1821,515,1934
111,306,1815,484,1935
112,292,1819,449,1932
113,279,1827,403,1929
114,267,1834,374,1931
115,221,1844,363,1933
116,193,1844,360,1935
117,170,1846,356,1936
118,174,1847,354,1936
119,158,1847,353,1937
120,152,1843,346,1925
121,117,1839,326,1926
122,99,1834,316,1921
123,63,1832,295,1916
124,56,1829,264,1914
125,49,1825,247,1916
126,46,1823,244,1924
127,22,1818,247,1935
128,14,1813,253,1961
129,12,1812,259,1963
130,10,1800,268,1956
131,11,1800,273,1938
132,7,1801,279,1938
133,21,1801,273,1908
134,18,1803,260,1901
135,21,1808,247,1900
136,22,1808,239,1900
137,22,1808,228,1900
138,20,1801,218,1900
139,17,1794,195,1900
140,14,1782,143,1900
141,14,1777,125,1900
142,0,1772,125,1900
143,0,1763,122,1900
144,0,1756,122,1900
145,0,1748,124,1893
146,0,1743,131,1882
147,0,1709,137,1862
148,0,1710,142,1843
149,0,1711,147,1830
150,0,1699,157,1829
151,0,1695,168,1823
152,0,1697,183,1818
153,0,1694,184,1811
154,0,1692,184,1806
155,0,1688,185,1805
156,0,1681,184,1798
157,0,1678,184,1795
158,0,1675,184,1794
159,0,1662,184,1793
160,1,1646,184,1791
161,5,1644,184,1791
162,8,1631,183,1790
163,8,1629,183,1790
164,10,1620,183,1787
165,9,1621,184,1786
166,9,1613,183,1782
167,9,1612,185,1775
168,9,1611,218,1772
169,25,1610,240,1755
170,28,1610,260,1750
171,32,1611,277,1747
172,34,1611,286,1749
173,37,1610,290,1748
174,42,1609,292,1741
175,61,1609,296,1731
176,66,1608,295,1736
177,67,1604,295,1736
178,76,1603,302,1734
179,90,1602,311,1729
180,105,1600,312,1728
181,106,1599,327,1730
182,112,1598,339,1729
183,136,1594,358,1728
184,143,1593,377,1722
185,150,1592,385,1722
186,163,1591,390,1723
187,168,1591,396,1722
188,187,1588,398,1723
189,197,1583,400,1726
190,203,1573,410,1727
191,209,1560,417,1723
192,219,1547,423,1722
193,228,1537,434,1719
194,237,1523,455,1721
195,243,1521,469,1716
196,248,1516,472,1713
197,254,1515,475,1701
198,255,1514,476,1701
199,262,1514,486,1700
200,267,1523,501,1697
201,270,1528,511,1692
202,272,1528,519,1682
203,281,1534,525,1676
204,282,1535,525,1675
205,282,1535,535,1675
206,284,1534,542,1676
207,288,1534,552,1677
208,289,1535,556,1677
209,296,1536,560,1678
210,302,1536,561,1678
211,305,1536,563,1678
212,311,1536,561,1678
213,318,1535,558,1678
214,324,1535,554,1678
215,329,1535,551,1678
216,336,1536,547,1678
217,339,1535,550,1678
218,345,1535,560,1678
219,350,1535,561,1677
220,358,1535,561,1677
221,363,1534,561,1677
222,362,1533,561,1674
223,364,1530,561,1674
224,377,1524,561,1674
225,381,1519,561,1674
226,388,1512,561,1674
227,397,1502,560,1670
228,403,1497,560,1665
229,412,1482,559,1658
230,411,1472,559,1654
231,413,1467,559,1653
232,407,1461,559,1647
233,402,1454,559,1648
234,398,1450,559,1647
235,392,1448,559,1647
236,390,1443,559,1647
237,385,1438,559,1647
238,383,1434,559,1647
239,380,1437,559,1647
240,377,1437,559,1647
241,377,1437,559,1647
242,375,1437,559,1643
243,372,1437,555,1638
244,367,1437,550,1637
245,366,1437,545,1634
246,365,1437,545,1630
247,360,1437,546,1626
248,360,1437,546,1620
249,357,1437,549,1614
250,346,1437,547,1611
251,345,1436,573,1610
252,342,1437,576,1609
253,340,1436,568,1609
254,343,1436,565,1609
255,345,1436,559,1610
256,349,1436,556,1610
257,356,1436,551,1610
258,354,1436,545,1610
259,352,1436,542,1609
260,351,1436,537,1608
261,354,1436,536,1609
262,358,1446,540,1608
263,369,1451,549,1608
264,381,1454,553,1609
265,399,1454,554,1609
266,402,1454,557,1608
267,403,1453,547,1608
268,404,1447,537,1608
269,405,1447,537,1608
270,406,1445,538,1608
271,410,1442,535,1609
272,411,1441,534,1612
273,413,1441,534,1619
274,415,1441,536,1624
275,416,1443,537,1629
276,418,1446,547,1634
277,417,1446,549,1636
278,419,1447,544,1638
279,421,1450,547,1638
280,424,1452,555,1638
281,428,1455,562,1635
282,441,1456,570,1634
283,442,1460,575,1632
284,453,1462,578,1632
285,458,1463,578,1632
286,459,1466,580,1632
287,459,1475,580,1632
288,459,1486,580,1632
289,459,1489,580,1632
290,465,1494,580,1632
291,470,1500,603,1632
292,490,1504,618,1632
293,506,1504,631,1635
294,511,1509,639,1637
295,517,1516,639,1644
296,522,1520,653,1645
297,527,1526,658,1642
298,530,1529,659,1651
299,532,1535,659,1662
300,533,1543,661,1669
301,534,1548,661,1673
302,537,1553,662,1675
303,541,1557,662,1676
304,554,1561,662,1677
305,566,1565,683,1677
306,574,1571,689,1678
307,576,1576,695,1683
308,580,1580,663,1700
309,582,1587,663,1707
310,586,1595,662,1737
311,588,1600,661,1749
312,592,1610,668,1753
313,592,1621,670,1754
314,591,1628,671,1755
315,591,1634,675,1755
316,591,1641,677,1755
317,593,1644,676,1755
318,593,1649,679,1757
319,595,1652,679,1770
320,595,1656,679,1775
321,588,1661,679,1787
322,590,1664,679,1793
323,597,1667,686,1819
324,599,1669,693,1827
325,600,1668,696,1830
326,601,1669,697,1831
327,601,1672,697,1831
328,600,1675,697,1831
329,601,1678,697,1831
330,603,1683,697,1831
331,605,1689,697,1831
332,606,1691,697,1831
333,607,1685,697,1831
334,609,1678,706,1831
335,609,1674,705,1831
336,609,1674,710,1831
337,609,1679,710,1831
338,609,1683,713,1831
339,609,1687,714,1831
340,609,1689,714,1831
341,609,1692,714,1831
342,606,1694,714,1831
343,603,1702,714,1830
344,603,1706,714,1830
345,600,1703,714,1827
346,595,1706,712,1823
347,588,1691,712,1823
348,578,1693,713,1823
349,569,1694,713,1823
350,559,1691,713,1823
351,550,1692,713,1823
352,546,1693,711,1823
353,544,1698,708,1822
354,537,1711,701,1819
355,530,1704,694,1814
356,522,1709,682,1809
357,512,1708,672,1801
358,509,1703,661,1803
359,501,1702,634,1803
360,495,1696,613,1803
361,480,1693,613,1803
362,476,1689,613,1803
363,471,1686,612,1803
364,466,1679,612,1803
365,455,1667,611,1801
366,452,1664,611,1801
367,442,1658,608,1798
368,438,1655,604,1797
369,433,1651,599,1795
370,430,1647,591,1790
371,426,1644,578,1788
372,423,1641,564,1781
373,420,1636,548,1769
374,414,1632,525,1757
375,408,1626,518,1753
376,402,1625,515,1739
377,398,1621,513,1736
378,390,1621,514,1735
379,382,1618,513,1733
380,374,1612,513,1732
381,368,1610,510,1733
382,339,1610,504,1733
383,333,1603,497,1725
384,331,1601,484,1717
385,309,1597,478,1705
386,300,1594,467,1702
387,287,1588,454,1699
388,283,1583,440,1699
389,278,1568,432,1698
390,277,1558,427,1699
391,277,1554,425,1699
392,277,1548,425,1698
393,272,1540,424,1698
394,273,1536,423,1697
395,271,1529,422,1696
396,258,1520,421,1695
397,256,1518,417,1690
398,247,1516,410,1685
399,241,1507,404,1677
400,224,1495,394,1673
401,220,1490,385,1663
402,209,1492,378,1657
403,214,1482,373,1643
404,206,1481,372,1640
405,202,1467,371,1621
406,200,1464,371,1621
407,198,1463,371,1621
408,191,1455,370,1620
409,191,1453,370,1620
410,192,1448,368,1617
411,185,1449,367,1615
412,184,1444,364,1611
413,183,1444,358,1601
414,182,1442,353,1590
415,180,1440,348,1579
416,180,1440,342,1575
417,178,1441,335,1570
418,178,1442,333,1567
419,178,1429,322,1567
420,178,1418,317,1567
421,174,1415,316,1563
422,161,1414,316,1563
423,159,1414,316,1563
424,159,1413,316,1561
425,159,1413,316,1561
426,159,1413,316,1559
427,158,1413,316,1557
428,160,1413,316,1555
429,162,1413,316,1552
430,160,1413,316,1552
431,158,1413,316,1551
432,155,1413,315,1551
433,151,1413,315,1550
434,150,1413,315,1549
435,148,1413,315,1548
436,147,1413,315,1548
437,146,1413,315,1548
438,145,1413,315,1548
439,145,1413,315,1548
440,145,1413,315,1548
441,145,1413,315,1548
442,145,1413,315,1548
443,145,1413,315,1548
444,145,1413,315,1548
445,145,1413,315,1548
446,146,1413,315,1548
447,146,1413,315,1548
448,147,1413,315,1548
449,147,1413,315,1548
450,148,1413,315,1548
451,148,1413,315,1548
452,148,1413,315,1547
453,148,1413,315,1547
454,148,1413,315,1547
455,132,1413,315,1547
456,124,1413,315,1547
457,123,1413,315,1547
458,124,1413,315,1547
459,125,1413,315,1547
460,126,1413,315,1547
461,127,1413,315,1547
462,127,1413,315,1546
463,131,1413,315,1546
464,129,1413,315,1546
465,130,1413,315,1546
466,130,1413,315,1546
467,129,1413,315,1550
468,128,1413,307,1555
469,129,1413,307,1560
470,129,1413,307,1565
471,129,1413,307,1569
472,129,1413,307,1574
473,129,1413,307,1577
474,129,1413,307,1583
475,129,1413,307,1586
476,132,1413,308,1590
477,133,1413,307,1595
478,134,1415,306,1598
479,137,1415,306,1599
480,141,1420,306,1599
481,142,1421,306,1598
482,145,1421,306,1597
483,150,1421,306,1597
484,154,1421,306,1597
485,156,1421,306,1597
486,156,1425,306,1597
487,162,1448,306,1597
488,169,1452,306,1597
489,176,1455,306,1597
490,179,1460,306,1597
491,187,1463,306,1600
492,204,1468,326,1613
493,206,1472,325,1619
494,206,1477,343,1629
495,212,1481,358,1636
496,214,1487,364,1642
497,216,1489,372,1647
498,231,1492,382,1653
499,240,1496,395,1654
500,240,1497,395,1653
501,249,1502,397,1655
502,261,1506,401,1657
503,267,1509,411,1657
504,281,1511,413,1658
505,288,1517,416,1657
506,294,1518,416,1657
507,300,1518,412,1657
508,308,1519,422,1657
509,313,1530,448,1656
510,318,1531,472,1661
511,320,1534,491,1672
512,330,1539,498,1677
513,331,1544,502,1683
514,333,1546,504,1685
515,335,1557,504,1685
516,365,1560,505,1686
517,373,1567,505,1687
518,382,1569,506,1688
519,388,1579,506,1688
520,400,1583,506,1688
521,408,1597,508,1715
522,414,1602,525,1735
523,418,1611,540,1741
524,424,1616,544,1743
525,433,1620,559,1762
526,439,1623,568,1767
527,445,1632,569,1767
528,449,1635,574,1768
529,454,1642,617,1770
530,459,1644,626,1775
531,465,1647,631,1778
532,473,1649,639,1791
533,478,1651,639,1810
534,488,1653,642,1813
535,494,1653,645,1815
536,497,1654,650,1818
537,501,1656,663,1821
538,507,1654,667,1840
539,512,1653,671,1845
540,516,1655,674,1852
541,521,1661,679,1857
542,525,1670,674,1860
543,525,1695,683,1862
544,528,1700,688,1865
545,532,1717,689,1865
546,535,1730,689,1865
547,537,1738,692,1868
548,549,1744,695,1869
549,556,1748,669,1867
550,560,1752,660,1884
551,563,1758,650,1886
552,565,1765,652,1888
553,567,1770,657,1888
554,568,1775,660,1890
555,570,1778,663,1894
556,572,1784,665,1898
557,573,1787,668,1899
558,576,1790,672,1902
559,579,1792,677,1904
560,579,1795,681,1902
561,577,1797,691,1903
562,576,1797,695,1901
563,577,1800,707,1903
564,577,1803,711,1901
565,579,1805,715,1900
566,582,1804,719,1899
567,586,1800,723,1909
568,587,1799,735,1919
569,590,1797,748,1922
570,592,1796,753,1927
571,593,1794,757,1927
572,595,1793,760,1929
573,596,1793,762,1931
574,595,1793,766,1934
575,593,1793,766,1934
576,590,1793,767,1936
577,584,1795,767,1937
578,581,1796,764,1939
579,578,1798,762,1938
580,577,1800,761,1937
581,578,1801,758,1936
582,577,1802,755,1935
583,576,1803,750,1933
584,571,1804,746,1932
585,568,1805,740,1928
586,561,1807,737,1927
587,561,1807,734,1927
588,556,1808,732,1926
589,554,1809,727,1926
590,551,1810,724,1926
591,551,1810,720,1927
592,548,1810,718,1928
593,547,1810,717,1927
594,546,1810,717,1927
595,544,1810,715,1927
596,543,1810,713,1927
597,542,1810,712,1927
598,540,1810,712,1927
599,540,1811,712,1927
600,539,1812,712,1927
601,538,1812,713,1928
602,536,1813,713,1928
603,527,1813,714,1929
604,526,1814,717,1930
605,519,1813,721,1930
606,515,1813,720,1932
607,505,1813,723,1932
608,503,1813,727,1933
609,496,1814,729,1933
610,493,1815,729,1933
611,491,1815,737,1933
612,490,1815,739,1933
613,489,1815,744,1931
614,488,1815,748,1930
615,488,1815,750,1930
616,488,1815,752,1930
617,488,1815,755,1930
618,488,1815,757,1930
619,488,1815,757,1930
620,488,1815,758,1928
621,488,1815,757,1925
622,488,1815,756,1924
623,486,1815,755,1923
624,486,1814,754,1922
625,484,1813,753,1921
626,481,1812,753,1920
627,479,1812,753,1920
628,479,1812,753,1920
629,476,1812,753,1920
630,471,1812,751,1920
631,469,1812,750,1920
632,469,1812,748,1921
633,468,1812,748,1921
634,469,1812,748,1921
635,470,1812,748,1922
636,475,1813,744,1926
637,481,1813,742,1926
638,492,1813,735,1927
639,500,1813,734,1930
640,511,1816,729,1930
641,520,1817,727,1931
642,529,1817,722,1924
643,553,1817,710,1907
644,574,1816,695,1894
645,579,1817,687,1894
646,579,1817,687,1894
647,579,1817,691,1894
648,580,1817,697,1893
649,580,1814,697,1893
650,580,1814,707,1892
651,580,1814,712,1893
652,580,1814,716,1893
653,583,1814,717,1893
654,584,1814,717,1893
655,583,1814,716,1893
656,582,1814,715,1893
657,581,1814,708,1893
658,580,1816,705,1893
659,579,1817,698,1893
660,579,1817,691,1893
661,579,1817,686,1893
662,578,1817,684,1893
663,577,1817,683,1893
664,575,1817,683,1893
665,574,1817,683,1893
666,574,1817,683,1893
667,574,1817,683,1893
668,574,1816,683,1893
669,574,1816,683,1893
670,574,1816,684,1893
671,574,1815,684,1893
672,574,1814,684,1893
673,574,1813,685,1893
674,574,1813,685,1893
675,574,1812,685,1893
676,574,1811,685,1893
677,574,1811,685,1893
678,577,1811,685,1893
679,581,1811,685,1893
680,585,1811,685,1893
681,586,1811,685,1893
682,586,1811,688,1893
683,586,1811,689,1893
684,586,1811,689,1893
685,586,1811,690,1893
686,586,1811,690,1893
687,586,1811,690,1893
688,586,1811,690,1893
689,586,1811,690,1893
690,584,1811,690,1893
691,584,1811,690,1893
692,583,1811,690,1893
693,582,1811,690,1893
694,582,1811,690,1893
695,583,1811,690,1893
696,583,1811,689,1893
697,583,1811,687,1893
698,583,1811,686,1893
699,582,1811,685,1893
700,581,1811,684,1893
701,580,1813,683,1893
702,579,1814,681,1893
703,579,1815,681,1893
704,579,1816,681,1893
705,579,1817,681,1893
706,579,1817,681,1893
707,579,1817,681,1893
708,579,1817,681,1893
709,579,1817,682,1893
710,579,1817,683,1893
711,579,1817,684,1893
712,579,1817,684,1893
713,579,1817,684,1893
714,579,1817,684,1893
715,579,1817,684,1894
716,579,1817,685,1894
717,579,1817,685,1894
718,579,1817,687,1894
719,578,1817,695,1894
720,570,1822,708,1892
721,554,1823,726,1898
722,543,1823,742,1900
723,533,1823,752,1908
724,526,1823,754,1909
725,489,1824,780,1927
726,488,1823,780,1930
727,489,1823,779,1935
728,494,1823,772,1937
729,496,1823,767,1938
730,508,1823,756,1941
731,526,1823,742,1941
732,535,1823,720,1941
733,552,1823,713,1941
734,555,1823,710,1939
735,557,1823,707,1937
736,559,1823,704,1935
737,561,1823,701,1930
738,563,1824,699,1925
739,564,1824,698,1918
740,564,1824,699,1917
741,563,1824,699,1914
742,563,1824,699,1910
743,563,1824,699,1907
744,563,1824,699,1907
745,563,1824,699,1906
746,563,1824,699,1906
747,563,1824,699,1906
748,563,1824,699,1906
749,563,1824,700,1906
750,563,1824,700,1906
751,563,1824,701,1906
752,563,1822,701,1906
753,563,1820,701,1906
754,563,1820,701,1905
755,563,1820,701,1906
756,563,1820,701,1907
757,563,1820,701,1907
758,562,1820,701,1907
759,562,1820,701,1907
760,562,1820,701,1907
761,561,1820,701,1907
762,561,1820,700,1907
763,561,1820,700,1907
764,561,1820,700,1907
765,560,1820,700,1907
766,560,1820,700,1907
767,560,1820,700,1907
768,560,1820,700,1906
769,560,1820,700,1906
770,560,1820,700,1906
771,560,1820,700,1906
772,560,1820,700,1906
773,560,1820,700,1906
774,560,1820,700,1906
775,560,1820,700,1906
776,560,1820,700,1906
777,560,1820,700,1906
778,560,1820,700,1906
779,560,1820,700,1906
780,560,1820,700,1906
781,560,1820,700,1906
782,560,1820,700,1906
783,560,1820,700,1906
784,560,1820,700,1906
785,560,1820,700,1906
786,560,1820,700,1906
787,560,1820,700,1906
788,560,1820,700,1906
789,560,1820,700,1906
790,560,1820,700,1906
791,560,1820,700,1906
792,560,1820,700,1906
793,560,1820,699,1906
794,560,1820,699,1906
795,560,1820,699,1906
796,560,1820,699,1906
797,560,1820,699,1906
798,560,1820,699,1906
799,560,1820,698,1906
800,560,1820,698,1905
801,560,1820,698,1907
802,560,1820,698,1907
803,560,1820,698,1907
804,560,1820,698,1907
805,560,1820,698,1907
806,560,1821,698,1907
807,560,1821,698,1907
808,560,1821,698,1907
809,560,1822,698,1907
810,560,1822,698,1907
811,560,1822,698,1907
812,560,1822,698,1907
813,560,1822,698,1907
814,560,1822,698,1907
815,560,1822,698,1907
816,560,1822,698,1907
817,560,1822,698,1907
818,560,1822,698,1907
819,560,1822,698,1907
820,560,1822,698,1907
821,560,1822,698,1907
822,560,1822,698,1907
823,560,1822,698,1907
824,560,1822,698,1907
825,560,1822,698,1907
826,560,1822,699,1907
827,560,1822,699,1907
828,560,1822,699,1908
829,560,1822,699,1909
830,560,1822,699,1910
831,560,1822,699,1911
832,560,1823,699,1911
833,560,1823,699,1911
834,560,1823,699,1911
835,560,1824,699,1911
836,560,1824,699,1911
837,560,1824,699,1911
838,560,1824,699,1912
839,560,1824,700,1912
840,560,1824,700,1912
841,560,1824,700,1912
842,560,1824,700,1912
843,561,1824,701,1913
844,561,1824,701,1913
845,561,1824,700,1913
846,561,1824,700,1914
847,561,1824,700,1915
848,561,1824,700,1916
849,558,1824,703,1917
850,555,1824,706,1918
851,553,1824,708,1916
852,551,1824,711,1915
853,551,1824,711,1915
854,550,1823,714,1915
855,549,1823,716,1917
856,548,1823,719,1918
857,548,1822,719,1918
858,549,1822,720,1918
859,549,1822,720,1919
860,551,1822,720,1919
861,552,1820,716,1921
862,552,1820,716,1921
863,553,1820,715,1924
864,554,1820,714,1927
865,554,1819,714,1927
866,554,1818,714,1930
867,554,1818,712,1933
868,554,1818,712,1933
869,554,1818,711,1933
870,553,1818,711,1933
871,553,1818,711,1936
872,553,1817,711,1936
873,553,1817,714,1937
874,556,1817,715,1938
875,558,1817,716,1939
876,561,1819,723,1938
877,564,1821,725,1939
878,566,1823,731,1940
879,570,1825,735,1940
880,572,1825,740,1940
881,575,1825,744,1941
882,575,1824,747,1941
883,575,1824,751,1941
884,574,1824,753,1943
885,571,1823,756,1943
886,568,1823,760,1942
887,563,1824,766,1942
888,561,1823,773,1943
889,561,1824,779,1945
890,561,1824,793,1945
891,561,1824,802,1945
892,561,1824,810,1945
893,561,1824,815,1945
894,561,1824,823,1945
895,561,1824,825,1945
896,561,1824,822,1945
897,566,1825,817,1943
898,571,1826,814,1940
899,579,1827,811,1941
900,585,1827,805,1945
901,589,1827,800,1947
902,591,1826,795,1948
903,604,1825,787,1945
904,615,1825,765,1934
905,618,1831,753,1932
906,624,1837,755,1930
907,630,1837,758,1933
908,638,1833,758,1939
909,639,1828,756,1949
910,627,1821,741,1964
911,612,1821,726,1980
912,625,1828,727,1972
913,628,1827,726,1981
914,625,1831,729,1985
915,621,1833,730,1990
916,617,1835,733,1987
917,619,1800,735,1982
918,612,1789,734,1960
919,602,1786,736,1954
920,599,1783,735,1954
921,597,1785,749,1951
922,606,1789,752,1948
923,616,1792,750,1948
924,616,1793,751,1948
925,624,1795,753,1947
926,642,1797,752,1946
927,643,1805,750,1947
928,643,1812,752,1946
929,642,1812,752,1934
930,638,1812,756,1910
931,642,1807,761,1912
932,645,1804,766,1927
933,658,1791,770,1929
934,669,1767,785,1929
935,674,1755,794,1929
936,676,1740,798,1929
937,677,1729,803,1928
938,681,1719,809,1924
939,680,1704,826,1910
940,682,1691,811,1892
941,689,1671,827,1868
942,701,1665,827,1807
943,718,1610,826,1794
944,733,1605,826,1791
945,736,1595,831,1786
946,741,1590,839,1778
947,741,1563,843,1740
948,744,1556,846,1712
949,754,1556,848,1693
950,758,1551,858,1658
951,758,1546,869,1635
952,758,1519,869,1635
953,759,1500,869,1634
954,759,1490,878,1617
955,765,1485,880,1616
956,779,1484,884,1616
957,780,1483,888,1615
958,780,1483,893,1621
959,793,1485,904,1625
960,796,1485,918,1633
961,796,1486,926,1634
962,809,1489,930,1635
963,819,1502,933,1638
964,823,1524,939,1642
965,833,1542,975,1653
966,838,1532,1004,1668
967,841,1541,1006,1686
968,846,1560,1006,1701
969,850,1591,963,1730
970,858,1599,954,1763
971,860,1632,946,1781
972,836,1638,950,1784
973,844,1648,949,1784
974,847,1653,951,1784
975,865,1662,956,1789
976,868,1662,958,1793
977,879,1646,962,1797
978,879,1639,967,1805
979,879,1643,983,1841
980,874,1641,983,1885
981,870,1640,981,1874
982,861,1644,974,1858
983,858,1657,967,1865
984,861,1691,967,1875
985,858,1692,966,1880
986,851,1696,966,1886
987,844,1702,970,1893
988,836,1715,968,1898
989,830,1730,960,1897
990,827,1754,956,1913
991,823,1780,942,1903
992,821,1780,941,1897
993,810,1783,943,1896
994,796,1784,943,1896
995,778,1784,942,1896
996,776,1783,942,1897
997,774,1780,941,1897
998,771,1781,941,1897
999,771,1784,922,1897
1000,771,1787,907,1899
1001,771,1790,889,1899
1002,769,1791,865,1903
1003,757,1793,846,1905
1004,745,1793,837,1913
1005,726,1793,829,1915
1006,707,1793,826,1915
1007,697,1796,826,1914
1008,695,1799,825,1913
1009,694,1801,819,1913
1010,687,1807,806,1912
1011,679,1809,795,1912
1012,669,1809,778,1912
1013,656,1806,765,1911
1014,647,1794,758,1910
1015,641,1785,753,1911
1016,620,1782,751,1910
1017,616,1778,750,1910
1018,592,1758,749,1912
1019,577,1757,747,1914
1020,573,1756,747,1914
1021,558,1749,745,1916
1022,553,1734,737,1916
1023,540,1724,723,1914
1024,534,1721,711,1911
1025,509,1721,700,1907
1026,502,1721,667,1905
1027,491,1694,643,1901
1028,483,1693,628,1895
1029,483,1690,624,1882
1030,488,1687,624,1882
1031,462,1687,624,1882
1032,430,1689,620,1882
1033,431,1688,612,1879
1034,410,1686,609,1876
1035,410,1683,609,1863
1036,412,1682,611,1860
1037,415,1679,614,1854
1038,414,1679,614,1853
1039,415,1679,616,1853
1040,415,1678,631,1852
1041,420,1691,631,1851
1042,430,1689,631,1843
1043,439,1681,614,1830
1044,442,1673,642,1808
1045,449,1667,642,1792
1046,450,1658,643,1777
1047,453,1649,634,1765
1048,453,1630,632,1764
1049,469,1630,632,1770
1050,478,1608,606,1778
1051,477,1603,589,1783
1052,479,1594,585,1787
1053,481,1590,584,1787
1054,481,1592,579,1785
1055,481,1592,572,1789
1056,483,1590,572,1790
1057,490,1591,600,1796
1058,503,1591,601,1796
1059,503,1591,617,1796
1060,506,1597,624,1795
1061,506,1596,621,1795
1062,506,1596,640,1796
1063,505,1602,642,1796
1064,505,1612,643,1796
1065,501,1613,642,1789
1066,498,1614,640,1785
1067,496,1614,640,1783
1068,494,1616,640,1781
1069,493,1616,639,1779
1070,492,1618,638,1777
1071,490,1620,636,1774
1072,489,1623,636,1772
1073,487,1623,633,1770
1074,487,1628,632,1767
1075,487,1631,632,1766
1076,489,1634,630,1766
1077,490,1638,629,1764
1078,486,1639,629,1773
1079,488,1639,629,1773
1080,493,1641,633,1775
1081,497,1642,635,1778
1082,500,1644,636,1779
1083,504,1645,636,1782
1084,505,1645,637,1779
1085,507,1645,638,1777
1086,508,1646,639,1776
1087,511,1647,640,1775
1088,515,1646,641,1774
1089,516,1646,643,1773
1090,520,1647,645,1773
1091,524,1647,647,1773
1092,526,1650,649,1773
1093,539,1652,653,1756
1094,545,1652,654,1757
1095,550,1652,655,1758
1096,551,1652,660,1759
1097,551,1652,663,1760
1098,552,1653,663,1758
1099,552,1653,665,1758
1100,552,1653,665,1758
1101,552,1653,665,1758
1102,552,1653,665,1758
1103,552,1651,665,1758
1104,552,1651,665,1758
1105,552,1651,665,1758
1106,552,1651,665,1758
1107,552,1651,665,1758
1108,552,1651,665,1758
1109,552,1651,665,1761
1110,552,1651,665,1761
1111,552,1651,665,1761
1112,552,1651,665,1762
1113,552,1651,665,1767
1114,554,1651,665,1768
1115,558,1651,665,1765
1116,558,1651,665,1763
1117,558,1651,665,1763
1118,558,1651,665,1759
1119,558,1651,663,1758
1120,558,1651,661,1758
1121,558,1651,659,1758
1122,558,1651,657,1758
1123,558,1651,657,1758
1124,558,1651,657,1758
1125,558,1651,657,1758
1126,558,1651,657,1758
1127,558,1651,657,1758
1128,558,1651,657,1759
1129,558,1651,659,1761
1130,558,1651,663,1763
1131,558,1651,665,1767
1132,558,1651,668,1777
1133,554,1653,669,1786
1134,517,1653,673,1796
1135,510,1652,679,1805
1136,483,1652,688,1821
1137,477,1652,691,1827
1138,474,1650,693,1826
1139,473,1648,697,1835
1140,471,1644,698,1836
1141,472,1639,700,1835
1142,473,1638,700,1831
1143,475,1633,699,1825
1144,475,1633,698,1818
1145,475,1633,697,1816
1146,475,1634,697,1816
1147,475,1634,695,1817
1148,472,1641,693,1819
1149,472,1641,688,1830
1150,469,1646,685,1833
1151,469,1649,678,1838
1152,474,1655,678,1837
1153,487,1654,668,1819
1154,527,1653,661,1808
1155,555,1653,654,1771
1156,559,1653,654,1759
1157,559,1652,653,1759
1158,559,1652,653,1759
1159,559,1652,653,1759
1160,559,1652,660,1763
1161,559,1652,662,1772
1162,555,1652,662,1772
1163,553,1652,663,1773
1164,552,1652,663,1774
1165,549,1652,666,1774
1166,547,1652,668,1772
1167,547,1652,668,1772
1168,547,1652,666,1770
1169,554,1652,663,1766
1170,558,1655,655,1764
1171,559,1657,652,1761
1172,561,1656,650,1759
1173,560,1657,647,1758
1174,559,1658,644,1758
1175,559,1658,643,1758
1176,554,1660,643,1758
1177,553,1661,646,1760
1178,551,1661,643,1763
1179,549,1661,644,1763
1180,547,1663,648,1765
1181,545,1663,652,1765
1182,543,1662,660,1765
1183,542,1662,670,1763
1184,542,1659,678,1761
1185,544,1657,686,1760
1186,550,1655,690,1760
1187,554,1654,690,1760
1188,556,1652,692,1762
1189,564,1650,692,1763
1190,570,1649,692,1766
1191,571,1646,692,1768
1192,571,1644,694,1768
1193,573,1640,698,1766
1194,580,1640,708,1765
1195,588,1641,714,1763
1196,597,1640,723,1763
1197,608,1640,729,1765
1198,622,1636,738,1769
1199,630,1634,743,1771
1200,639,1631,752,1772
1201,641,1633,749,1772
1202,640,1634,751,1770
1203,638,1634,761,1766
1204,639,1634,772,1765
1205,639,1641,783,1763
1206,639,1643,789,1761
1207,639,1645,790,1761
1208,639,1645,793,1759
1209,639,1645,792,1759
1210,639,1645,792,1759
1211,647,1645,794,1759
1212,658,1645,801,1759
1213,667,1645,810,1759
1214,682,1645,817,1759
1215,698,1645,824,1759
1216,716,1645,833,1759
1217,733,1645,840,1759
1218,734,1645,844,1759
1219,734,1640,851,1759
1220,734,1636,858,1759
1221,734,1633,864,1759
1222,734,1629,868,1759
1223,736,1626,873,1756
1224,741,1621,891,1755
1225,748,1614,902,1754
1226,759,1612,918,1752
1227,760,1607,923,1750
1228,760,1607,923,1750
1229,801,1600,932,1732
1230,809,1597,940,1725
1231,810,1593,946,1716
1232,810,1589,956,1713
1233,810,1586,970,1712
1234,810,1583,982,1711
1235,810,1580,992,1711
1236,811,1563,995,1711
1237,813,1559,1013,1709
1238,817,1559,1025,1705
1239,824,1560,1026,1697
1240,836,1558,1027,1688
1241,847,1558,1022,1690
1242,857,1552,1026,1682
1243,873,1548,1031,1680
1244,882,1544,1037,1664
1245,890,1540,1043,1662
1246,892,1536,1048,1656
1247,897,1532,1054,1655
1248,904,1528,1061,1653
1249,906,1524,1066,1653
1250,907,1521,1073,1652
1251,909,1517,1083,1651
1252,916,1512,1090,1647
1253,922,1508,1099,1644
1254,938,1505,1107,1636
1255,954,1498,1115,1631
1256,962,1502,1122,1628
1257,980,1504,1127,1626
1258,982,1504,1135,1622
1259,984,1504,1135,1624
1260,984,1504,1150,1627
1261,984,1506,1171,1632
1262,986,1506,1183,1632
1263,990,1513,1192,1632
1264,1000,1516,1201,1632
1265,1010,1518,1214,1632
1266,1024,1519,1214,1632
1267,1043,1520,1216,1633
1268,1046,1522,1209,1633
1269,1057,1523,1200,1633
1270,1059,1525,1201,1633
1271,1060,1525,1204,1633
1272,1060,1534,1211,1642
1273,1062,1538,1219,1655
1274,1062,1543,1223,1663
1275,1062,1549,1232,1664
1276,1062,1550,1242,1664
1277,1066,1557,1253,1665
1278,1066,1553,1262,1665
1279,1069,1552,1269,1666
1280,1074,1552,1279,1666
1281,1083,1556,1284,1717
1282,1091,1555,1287,1725
1283,1101,1555,1292,1729
1284,1109,1547,1294,1734
1285,1117,1543,1295,1737
1286,1121,1544,1298,1744
1287,1125,1542,1299,1746
1288,1129,1542,1298,1749
1289,1134,1540,1298,1752
1290,1137,1538,1298,1750
1291,1139,1533,1298,1749
1292,1140,1532,1295,1741
1293,1138,1526,1292,1734
1294,1136,1522,1292,1713
1295,1133,1514,1290,1712
1296,1132,1513,1289,1698
1297,1130,1506,1289,1669
1298,1130,1500,1289,1663
1299,1130,1497,1289,1663
1300,1129,1490,1286,1663
1301,1129,1485,1283,1663
1302,1129,1479,1280,1664
1303,1129,1473,1278,1664
1304,1129,1470,1276,1664
1305,1128,1470,1276,1652
1306,1127,1467,1270,1637
1307,1127,1466,1268,1632
1308,1127,1465,1267,1628
1309,1119,1483,1267,1619
1310,1106,1480,1259,1608
1311,1099,1480,1259,1602
1312,1090,1477,1253,1594
1313,1087,1475,1251,1592
1314,1088,1474,1247,1592
1315,1087,1473,1244,1591
1316,1087,1476,1242,1591
1317,1087,1476,1242,1591
1318,1087,1476,1242,1591
1319,1087,1475,1241,1591
1320,1087,1475,1241,1591
1321,1087,1475,1239,1591
1322,1087,1473,1239,1591
1323,1085,1473,1239,1591
1324,1077,1473,1235,1591
1325,1065,1471,1230,1591
1326,1065,1470,1225,1591
1327,1065,1470,1221,1592
1328,1065,1468,1220,1592
1329,1064,1467,1220,1592
1330,1063,1465,1220,1592
1331,1063,1465,1220,1595
1332,1063,1460,1220,1599
1333,1065,1461,1218,1602
1334,1065,1461,1218,1602
1335,1065,1459,1221,1602
1336,1065,1457,1221,1602
1337,1065,1457,1225,1600
1338,1065,1457,1227,1598
1339,1065,1457,1230,1597
1340,1065,1457,1233,1596
1341,1065,1457,1236,1594
1342,1065,1457,1239,1593
1343,1065,1459,1243,1592
1344,1065,1462,1245,1593
1345,1065,1464,1248,1594
1346,1065,1469,1251,1594
1347,1065,1470,1254,1594
1348,1064,1470,1256,1594
1349,1061,1470,1257,1594
1350,1055,1470,1257,1594
1351,1050,1470,1258,1594
1352,1048,1470,1258,1594
1353,1048,1470,1258,1594
1354,1048,1470,1261,1594
1355,1048,1470,1261,1594
1356,1048,1470,1262,1594
1357,1048,1470,1260,1594
1358,1048,1470,1258,1594
1359,1048,1466,1256,1594
1360,1048,1465,1253,1594
1361,1048,1464,1249,1594
1362,1048,1464,1248,1594
1363,1048,1463,1246,1594
1364,1048,1462,1246,1594
1365,1048,1461,1245,1594
1366,1048,1457,1245,1594
1367,1048,1453,1245,1594
1368,1048,1449,1244,1594
1369,1048,1445,1243,1594
1370,1048,1443,1243,1594
1371,1048,1442,1244,1594
1372,1048,1442,1244,1594
1373,1048,1442,1244,1594
1374,1048,1442,1242,1594
1375,1048,1442,1240,1594
1376,1048,1442,1239,1594
1377,1048,1441,1239,1594
1378,1048,1441,1239,1594
1379,1048,1441,1239,1594
1380,1048,1441,1239,1594
1381,1048,1441,1241,1594
1382,1048,1441,1242,1594
1383,1048,1441,1243,1594
1384,1048,1441,1243,1594
1385,1048,1441,1243,1594
1386,1049,1441,1241,1594
1387,1049,1440,1241,1594
1388,1049,1442,1241,1594
1389,1049,1442,1241,1594
1390,1049,1441,1241,1594
1391,1049,1440,1242,1594
1392,1049,1439,1242,1594
1393,1049,1438,1242,1594
1394,1049,1440,1242,1594
1395,1049,1442,1242,1594
1396,1049,1444,1242,1594
1397,1049,1445,1239,1594
1398,1049,1455,1237,1594
1399,1049,1458,1231,1594
1400,1049,1456,1231,1594
1401,1049,1457,1223,1594
1402,1049,1460,1215,1594
1403,1049,1458,1211,1594
1404,1049,1457,1209,1594
1405,1049,1458,1207,1594
1406,1049,1458,1201,1594
1407,1049,1457,1199,1594
1408,1049,1456,1196,1594
1409,1049,1455,1195,1594
1410,1049,1455,1195,1594
1411,1049,1455,1195,1594
1412,1048,1455,1195,1592
1413,1046,1455,1195,1589
1414,1046,1455,1196,1588
1415,1046,1455,1196,1586
1416,1046,1455,1196,1586
1417,1046,1455,1196,1586
1418,1046,1455,1201,1586
1419,1046,1455,1205,1586
1420,1046,1456,1208,1586
1421,1046,1457,1210,1586
1422,1046,1456,1213,1586
1423,1046,1457,1219,1586
1424,1046,1459,1223,1586
1425,1046,1460,1225,1586
1426,1046,1463,1227,1586
1427,1046,1465,1228,1586
1428,1046,1466,1228,1586
1429,1046,1466,1228,1586
1430,1046,1466,1228,1586
1431,1046,1466,1227,1586
1432,1046,1466,1227,1586
1433,1046,1466,1227,1586
1434,1046,1466,1224,1586
1435,1046,1465,1222,1586
1436,1046,1465,1221,1586
1437,1046,1464,1220,1586
1438,1046,1464,1219,1586
1439,1046,1462,1217,1586
1440,1046,1462,1216,1585
1441,1046,1461,1215,1584
1442,1046,1461,1214,1584
1443,1046,1461,1214,1584
1444,1046,1461,1214,1584
1445,1046,1461,1214,1584
1446,1046,1461,1215,1584
1447,1046,1461,1214,1584
1448,1046,1460,1213,1583
1449,1046,1460,1213,1583
1450,1046,1460,1213,1583
1451,1046,1460,1213,1583
1452,1046,1460,1213,1583
1453,1046,1460,1213,1583
1454,1046,1461,1213,1583
1455,1046,1461,1213,1583
1456,1046,1461,1213,1583
1457,1046,1461,1213,1583
1458,1046,1461,1213,1583
1459,1046,1461,1213,1583
1460,1046,1461,1214,1582
1461,1046,1461,1214,1582
1462,1046,1461,1214,1582
1463,1046,1461,1214,1582
1464,1046,1461,1214,1582
1465,1046,1461,1214,1582
1466,1046,1461,1214,1582
1467,1046,1461,1214,1582
1468,1046,1461,1214,1582
1469,1046,1461,1214,1582
1470,1046,1461,1214,1582
1471,1046,1461,1213,1582
1472,1046,1461,1213,1582
1473,1046,1461,1213,1582
1474,1046,1461,1213,1582
1475,1046,1461,1213,1582
1476,1046,1461,1213,1582
1477,1046,1461,1213,1582
1478,1046,1461,1213,1582
1479,1046,1461,1213,1582
1480,1046,1461,1214,1582
1481,1046,1461,1219,1582
1482,1046,1461,1220,1582
1483,1046,1461,1220,1582
1484,1046,1461,1220,1582
1485,1046,1461,1220,1582
1486,1046,1461,1219,1582
1487,1046,1461,1217,1582
1488,1046,1461,1216,1582
1489,1046,1461,1219,1582
1490,1046,1461,1220,1582
1491,1046,1461,1220,1582
1492,1046,1461,1218,1582
1493,1046,1461,1217,1582
1494,1046,1461,1216,1582
1495,1046,1461,1218,1582
1496,1046,1461,1217,1582
1497,1046,1461,1216,1582
1498,1046,1461,1217,1582
1499,1046,1462,1217,1582
1500,1046,1462,1217,1582
1501,1046,1462,1217,1582
1502,1046,1461,1217,1582
1503,1046,1461,1217,1582
1504,1046,1461,1216,1582
1505,1046,1461,1215,1582
1506,1046,1461,1217,1582
1507,1046,1461,1217,1582
1508,1046,1461,1217,1582
1509,1046,1461,1217,1582
1510,1046,1461,1217,1582
1511,1046,1461,1217,1582
1512,1046,1462,1217,1582
1513,1046,1464,1217,1582
1514,1035,1464,1217,1582
1515,1024,1464,1217,1582
1516,1024,1464,1217,1582
1517,1024,1464,1217,1582
1518,1020,1464,1217,1582
1519,1019,1464,1217,1582
1520,1025,1464,1217,1582
1521,1026,1464,1217,1582
1522,1029,1464,1217,1582
1523,1031,1464,1217,1582
1524,1033,1465,1217,1582
1525,1033,1466,1217,1582
1526,1033,1468,1217,1582
1527,1034,1468,1217,1582
1528,1043,1468,1217,1582
1529,1044,1468,1217,1582
1530,1044,1468,1217,1582
1531,1044,1468,1220,1582
1532,1044,1468,1222,1582
1533,1044,1470,1223,1582
1534,1044,1470,1224,1582
1535,1044,1470,1225,1582
1536,1044,1470,1225,1582
1537,1044,1470,1225,1582
1538,1044,1470,1225,1582
1539,1044,1470,1225,1582
1540,1044,1470,1226,1582
1541,1044,1470,1226,1582
1542,1044,1470,1226,1582
1543,1044,1470,1226,1582
1544,1044,1470,1226,1582
1545,1044,1470,1226,1582
1546,1044,1470,1226,1582
1547,1044,1470,1226,1582
1548,1044,1470,1226,1582
1549,1044,1470,1226,1582
1550,1044,1470,1226,1582
1551,1044,1470,1226,1582
1552,1044,1470,1226,1582
1553,1044,1470,1226,1582
1554,1044,1470,1226,1582
1555,1044,1470,1226,1582
1556,1044,1470,1226,1582
1557,1044,1470,1226,1582
1558,1044,1470,1226,1582
1559,1044,1470,1226,1582
1560,1044,1470,1226,1582
1561,1044,1470,1226,1582
1562,1044,1470,1226,1582
1563,1044,1470,1226,1582
1564,1044,1470,1226,1582
1565,1044,1470,1226,1582
1566,1044,1470,1226,1582
1567,1044,1470,1226,1582
1568,1044,1470,1226,1582
1569,1044,1470,1226,1582
1570,1044,1470,1226,1582
1571,1044,1470,1226,1582
1572,1044,1470,1226,1582
1573,1044,1470,1226,1582
1574,1044,1470,1226,1582
1575,1044,1470,1226,1582
1576,1044,1470,1226,1582
1577,1044,1470,1226,1582
1578,1044,1470,1226,1582
1579,1044,1470,1226,1582
1580,1044,1470,1227,1582
1581,1044,1470,1227,1582
1582,1044,1470,1227,1582
1583,1044,1470,1227,1582
1584,1044,1470,1227,1582
1585,1044,1470,1227,1582
1586,1044,1470,1227,1582
1587,1044,1470,1227,1582
1588,1044,1470,1227,1582
1589,1044,1470,1227,1582
1590,1044,1470,1227,1582
1591,1044,1470,1227,1582
1592,1044,1470,1227,1582
1593,1044,1469,1227,1582
1594,1044,1469,1227,1582
1595,1044,1469,1227,1582
1596,1044,1469,1227,1582
1597,1044,1469,1226,1582
1598,1044,1469,1225,1582
1599,1044,1469,1225,1582
1600,1044,1469,1225,1582
1601,1044,1469,1224,1582
1602,1044,1469,1224,1582
1603,1044,1469,1224,1582
1604,1044,1469,1224,1582
1605,1044,1469,1224,1582
1606,1044,1469,1224,1582
1607,1044,1469,1224,1582
1608,1044,1469,1224,1582
1609,1044,1469,1224,1582
1610,1044,1469,1224,1582
1611,1044,1469,1224,1582
1612,1044,1469,1223,1582
1613,1044,1469,1223,1582
1614,1044,1469,1223,1582
1615,1044,1469,1223,1582
1616,1044,1470,1223,1582
1617,1044,1470,1223,1582
1618,1044,1470,1223,1582
1619,1044,1470,1223,1582
1620,1044,1470,1223,1582
1621,1044,1470,1222,1582
1622,1044,1470,1222,1582
1623,1044,1470,1222,1582
1624,1044,1470,1222,1582
1625,1044,1471,1222,1582
1626,1044,1471,1222,1582
1627,1044,1471,1222,1582
1628,1044,1471,1222,1583
1629,1044,1471,1222,1583
1630,1044,1471,1222,1584
1631,1044,1471,1220,1584
1632,1044,1469,1219,1584
1633,1044,1464,1204,1584
1634,1044,1461,1193,1599
1635,1044,1459,1186,1602
1636,1044,1459,1186,1602
1637,1044,1459,1176,1605
1638,1044,1462,1173,1605
1639,1043,1465,1171,1607
1640,1040,1472,1169,1608
1641,1028,1486,1165,1611
1642,1012,1498,1160,1633
1643,996,1505,1151,1653
1644,1000,1510,1146,1666
1645,998,1519,1143,1672
1646,993,1523,1138,1673
1647,988,1527,1137,1673
1648,974,1529,1137,1673
1649,974,1539,1120,1673
1650,959,1540,1120,1673
1651,954,1545,1109,1681
1652,933,1553,1101,1725
1653,925,1557,1093,1744
1654,923,1563,1086,1747
1655,923,1566,1083,1749
1656,922,1568,1071,1749
1657,916,1562,1067,1749
1658,913,1547,1059,1749
1659,911,1541,1055,1749
1660,910,1538,1049,1748
1661,909,1525,1039,1736
1662,909,1516,1036,1715
1663,909,1502,1026,1691
1664,908,1489,1024,1658
1665,907,1481,1020,1625
1666,903,1477,1015,1606
1667,905,1472,1009,1606
1668,888,1459,1005,1606
1669,876,1386,1000,1606
1670,871,1372,996,1606
1671,870,1371,987,1605
1672,870,1371,982,1598
1673,870,1371,979,1582
1674,870,1371,979,1553
1675,870,1371,983,1518
1676,870,1371,983,1492
1677,870,1360,983,1494
1678,870,1341,981,1494
1679,870,1327,977,1489
1680,853,1320,976,1479
1681,850,1311,972,1479
1682,848,1311,972,1480
1683,848,1311,970,1480
1684,851,1311,968,1478
1685,852,1311,966,1478
1686,853,1311,966,1477
1687,854,1310,965,1474
1688,853,1309,966,1468
1689,854,1306,965,1465
1690,850,1306,965,1461
1691,848,1306,965,1459
1692,846,1306,965,1457
1693,846,1306,965,1452
1694,846,1316,965,1452
1695,852,1319,955,1449
1696,819,1317,945,1444
1697,796,1315,935,1454
1698,823,1315,924,1459
1699,834,1313,921,1479
1700,830,1314,918,1490
1701,785,1318,917,1499
1702,778,1323,911,1518
1703,777,1344,898,1517
1704,780,1365,881,1519
1705,775,1394,872,1520
1706,771,1411,872,1530
1707,757,1414,859,1537
1708,740,1424,911,1566
1709,710,1437,906,1584
1710,689,1437,903,1616
1711,680,1443,865,1633
1712,673,1465,845,1647
1713,671,1487,814,1659
1714,672,1524,785,1677
1715,668,1551,774,1707
1716,627,1563,762,1722
1717,629,1575,758,1722
1718,637,1574,758,1722
1719,651,1565,753,1722
1720,658,1563,750,1728
1721,667,1564,748,1738
1722,662,1567,747,1746
1723,655,1575,758,1796
1724,652,1595,757,1840
1725,637,1598,744,1843
1726,623,1615,738,1859
1727,618,1667,731,1884
1728,607,1679,723,1884
1729,596,1695,719,1898
1730,588,1705,718,1911
1731,588,1725,713,1919
1732,595,1739,726,1925
1733,592,1753,736,1927
1734,594,1769,735,1927
1735,597,1776,740,1925
1736,593,1780,740,1923
1737,582,1793,730,1924
1738,577,1797,715,1924
1739,569,1804,705,1924
1740,561,1815,706,1924
1741,532,1822,705,1924
1742,526,1827,705,1924
1743,525,1828,705,1924
1744,524,1830,697,1924
1745,523,1831,686,1924
1746,521,1833,672,1924
1747,518,1833,660,1927
1748,515,1832,649,1927
1749,487,1832,638,1925
1750,482,1833,640,1926
1751,481,1833,640,1926
1752,481,1833,642,1926
1753,481,1833,644,1926
1754,481,1831,647,1927
1755,481,1829,650,1929
1756,481,1826,651,1929
1757,480,1826,650,1929
1758,481,1825,652,1928
1759,481,1825,652,1928
1760,481,1825,652,1928
1761,481,1825,651,1928
1762,486,1825,651,1925
1763,503,1825,651,1921
1764,508,1826,650,1921
1765,509,1826,650,1920
1766,509,1826,650,1920
1767,509,1826,650,1920
1768,509,1826,650,1920
1769,509,1827,650,1920
1770,513,1827,647,1918
1771,513,1822,645,1918
1772,515,1822,645,1918
1773,517,1822,645,1918
1774,517,1822,645,1917
1775,517,1804,649,1917
1776,517,1798,649,1913
1777,519,1795,652,1911
1778,525,1789,654,1910
1779,528,1782,658,1907
1780,530,1772,663,1904
1781,548,1766,667,1904
1782,559,1760,670,1903
1783,567,1758,672,1903
1784,571,1753,685,1899
1785,577,1749,692,1890
1786,580,1744,699,1885
1787,584,1742,704,1882
1788,588,1736,714,1882
1789,592,1732,725,1879
1790,592,1725,740,1877
1791,592,1717,750,1877
1792,588,1709,765,1878
1793,591,1699,780,1878
1794,596,1695,792,1868
1795,604,1683,797,1857
1796,611,1682,802,1847
1797,622,1675,809,1840
1798,634,1676,814,1831
1799,646,1675,822,1828
1800,664,1668,832,1824
1801,666,1666,839,1822
1802,666,1664,847,1817
1803,667,1658,858,1812
1804,667,1657,864,1811
1805,666,1652,873,1810
1806,667,1651,891,1809
1807,670,1644,897,1806
1808,680,1643,901,1806
1809,689,1644,908,1803
1810,696,1640,911,1803
1811,708,1639,915,1802
