1,686,2303,526,2162
2,686,2303,526,2162
3,686,2303,526,2162
4,686,2303,526,2162
5,686,2303,526,2162
6,686,2303,526,2162
7,686,2303,526,2162
8,686,2303,526,2162
9,686,2303,526,2162
10,686,2303,526,2162
11,686,2303,526,2162
12,686,2303,526,2162
13,686,2303,526,2162
14,686,2303,526,2162
15,686,2303,526,2162
16,686,2303,526,2162
17,686,2303,526,2162
18,686,2303,526,2162
19,686,2303,526,2162
20,686,2303,526,2162
21,686,2303,526,2162
22,686,2303,526,2162
23,686,2303,526,2162
24,686,2303,526,2162
25,686,2303,526,2162
26,686,2303,526,2162
27,686,2303,526,2162
28,686,2303,526,2162
29,686,2303,526,2162
30,686,2303,526,2162
31,686,2303,526,2162
32,686,2303,526,2162
33,686,2303,526,2162
34,686,2303,526,2162
35,686,2303,526,2162
36,686,2303,526,2162
37,686,2303,526,2162
38,627,2334,467,2193
39,618,2346,458,2205
40,617,2360,457,2219
41,617,2360,457,2219
42,600,2377,440,2236
43,594,2397,434,2236
44,582,2397,422,2236
45,582,2409,422,2265
46,567,2409,407,2265
47,552,2416,429,2298
48,544,2427,421,2309
49,544,2442,421,2324
50,544,2446,421,2328
51,544,2454,421,2336
52,544,2454,421,2336
53,523,2463,400,2345
54,523,2468,400,2350
55,523,2480,400,2362
56,523,2480,400,2362
57,523,2483,400,2365
58,523,2483,400,2365
59,523,2483,400,2365
60,523,2483,400,2365
61,523,2483,400,2365
62,523,2483,400,2365
63,523,2483,400,2365
64,523,2483,400,2365
65,523,2483,400,2365
66,523,2483,400,2365
67,523,2483,400,2365
68,534,2491,411,2347
69,534,2491,411,2347
70,534,2491,411,2347
71,534,2491,411,2347
72,549,2491,426,2347
73,550,2469,427,2325
74,550,2469,427,2325
75,550,2439,427,2295
76,550,2439,427,2295
77,550,2439,427,2295
78,550,2439,427,2295
79,550,2439,427,2295
80,550,2439,427,2295
81,550,2439,427,2295
82,580,2349,457,2190
83,584,2331,461,2172
84,584,2331,461,2172
85,601,2291,478,2153
86,601,2272,478,2134
87,601,2243,478,2105
88,601,2232,478,2094
89,601,2224,478,2086
90,601,2220,478,2082
91,601,2218,478,2080
92,601,2218,478,2080
93,601,2217,478,2079
94,601,2217,478,2079
95,601,2217,478,2079
96,601,2217,478,2079
97,601,2217,478,2079
98,601,2217,478,2079
99,601,2217,478,2079
100,601,2217,478,2079
101,601,2217,478,2079
102,601,2158,478,2020
103,601,2143,478,2005
104,601,2142,478,2004
105,601,2141,478,2003
106,601,2141,478,2003
107,601,2141,478,2003
108,601,2127,478,1989
109,601,2127,478,1989
110,601,2127,478,1989
111,601,2127,478,1989
112,601,2127,478,1989
113,601,2127,478,1989
114,601,2127,478,1989
115,601,2127,478,1989
116,601,2127,478,1989
117,601,2127,478,1989
118,601,2127,478,1989
119,601,2127,478,1989
120,601,2127,478,1989
121,601,2127,478,1989
122,601,2127,478,1989
123,601,2127,478,1989
124,601,2127,478,1989
125,625,2112,502,1974
126,625,2112,502,1974
127,625,2112,502,1974
128,625,2112,502,1974
129,625,2112,502,1974
130,625,2112,502,1974
131,625,2112,502,1974
132,625,2112,502,1974
133,625,2112,502,1974
134,625,2112,502,1974
135,625,2112,502,1974
136,625,2112,502,1974
137,625,2112,502,1974
138,625,2112,502,1974
139,625,2112,502,1974
140,625,2112,502,1974
141,625,2112,502,1974
142,625,2112,502,1974
143,625,2112,502,1974
144,625,2112,502,1974
145,589,2114,466,2002
146,589,2114,466,2002
147,577,2114,454,2002
148,569,2114,446,2002
149,568,2114,445,2002
150,568,2114,445,2002
151,545,2114,422,2002
152,545,2114,422,2002
153,545,2114,422,2002
154,545,2114,422,2002
155,536,2114,413,2002
156,536,2114,413,2002
157,536,2114,413,2002
158,536,2114,413,2002
159,536,2114,413,2002
160,536,2114,413,2002
161,536,2130,413,2018
162,536,2130,413,2018
163,536,2138,413,2026
164,536,2138,413,2026
165,536,2138,413,2026
166,536,2138,413,2026
167,536,2138,413,2026
168,536,2138,413,2026
169,536,2138,413,2026
170,536,2155,413,2043
171,551,2173,428,2061
172,551,2173,428,2061
173,550,2187,427,2075
174,550,2187,427,2075
175,550,2187,427,2075
176,558,2203,435,2075
177,577,2204,454,2076
178,577,2204,454,2076
179,577,2224,454,2096
180,577,2224,454,2096
181,577,2224,454,2096
182,577,2224,454,2096
183,588,2224,465,2115
184,588,2234,465,2125
185,588,2243,465,2134
186,588,2250,465,2141
187,588,2257,465,2148
188,588,2267,465,2158
189,588,2268,465,2159
190,588,2268,465,2159
191,588,2268,465,2159
192,588,2268,465,2159
193,588,2285,465,2176
194,588,2285,465,2176
195,588,2285,465,2176
196,588,2296,465,2187
197,588,2296,465,2187
198,588,2296,465,2187
199,588,2305,465,2196
200,588,2305,465,2196
201,588,2321,465,2212
202,588,2321,465,2212
203,588,2336,465,2227
204,588,2336,465,2227
205,588,2336,465,2227
206,588,2336,465,2227
207,588,2336,465,2227
208,588,2353,465,2244
209,588,2353,465,2244
210,588,2353,465,2244
211,588,2353,465,2244
212,588,2360,465,2251
213,588,2360,465,2251
214,588,2360,465,2251
215,588,2360,465,2251
216,588,2360,465,2251
217,588,2374,465,2265
218,588,2374,465,2265
219,588,2374,465,2265
220,588,2374,465,2265
221,588,2374,465,2265
222,588,2374,465,2265
223,588,2374,465,2265
224,588,2376,465,2267
225,588,2376,465,2267
226,588,2376,465,2267
227,588,2376,465,2267
228,588,2376,465,2267
229,588,2376,465,2267
230,588,2376,465,2267
231,588,2376,465,2267
232,588,2376,465,2267
233,588,2376,465,2267
234,588,2376,465,2267
235,588,2376,465,2267
236,588,2376,465,2267
237,588,2376,465,2267
238,588,2376,465,2267
239,588,2376,465,2267
240,588,2376,465,2267
241,588,2376,465,2267
242,622,2376,499,2267
243,622,2376,499,2267
244,622,2376,499,2267
245,633,2376,510,2267
246,633,2376,510,2267
247,633,2376,510,2267
248,633,2376,510,2267
249,633,2376,510,2267
250,633,2362,510,2253
251,633,2351,510,2242
252,633,2351,510,2242
253,633,2351,510,2242
254,633,2351,510,2242
255,651,2351,528,2242
256,651,2351,528,2242
257,651,2351,528,2242
258,651,2351,528,2242
259,651,2351,528,2242
260,664,2351,541,2242
261,664,2351,541,2242
262,664,2351,541,2242
263,664,2354,541,2237
264,664,2345,541,2228
265,664,2345,541,2228
266,664,2345,541,2228
267,664,2345,541,2228
268,664,2345,541,2228
269,664,2345,541,2228
270,664,2345,541,2228
271,664,2345,541,2228
272,664,2330,541,2213
273,664,2330,541,2213
274,664,2330,541,2213
275,664,2330,541,2213
276,664,2330,541,2213
277,665,2309,542,2192
278,665,2309,542,2192
279,665,2291,542,2174
280,665,2291,542,2174
281,665,2291,542,2174
282,665,2291,542,2174
283,665,2291,542,2174
284,665,2290,542,2173
285,665,2290,542,2173
286,665,2290,542,2173
287,665,2290,542,2173
288,665,2290,542,2173
289,665,2290,542,2173
290,665,2290,542,2173
291,665,2278,542,2161
292,665,2278,542,2161
293,665,2278,542,2161
294,665,2278,542,2161
295,665,2278,542,2161
296,665,2278,542,2161
297,665,2278,542,2161
298,665,2278,542,2161
299,665,2278,542,2161
300,665,2278,542,2161
301,665,2278,542,2161
302,665,2278,542,2161
303,665,2278,542,2161
304,665,2278,542,2161
305,665,2278,542,2161
306,665,2278,542,2161
307,665,2278,542,2161
308,665,2278,542,2161
309,680,2260,557,2143
310,680,2260,557,2143
311,680,2260,557,2143
312,680,2260,557,2143
313,680,2260,557,2143
314,680,2260,557,2143
315,680,2260,557,2143
316,680,2260,557,2143
317,680,2260,557,2143
318,680,2260,557,2143
319,680,2260,557,2143
320,680,2260,557,2143
321,689,2261,566,2144
322,689,2261,566,2144
323,689,2261,566,2144
324,689,2261,566,2144
325,689,2261,566,2144
326,689,2261,566,2144
327,689,2261,566,2144
328,689,2261,566,2144
329,689,2261,566,2144
330,689,2261,566,2144
331,689,2261,566,2144
332,689,2261,566,2144
333,689,2261,566,2144
334,689,2261,566,2144
335,689,2261,566,2144
336,689,2261,566,2144
337,689,2261,566,2144
338,689,2261,566,2144
339,689,2261,566,2144
340,689,2261,566,2144
341,689,2261,566,2144
342,689,2279,566,2162
343,689,2279,566,2162
344,689,2279,566,2162
345,689,2279,566,2162
346,689,2279,566,2162
347,689,2279,566,2162
348,689,2279,566,2162
349,689,2279,566,2162
350,689,2279,566,2162
351,689,2279,566,2162
352,689,2279,566,2162
353,689,2279,566,2162
354,689,2295,566,2163
355,689,2295,566,2163
356,689,2295,566,2163
357,689,2295,566,2163
358,689,2320,566,2188
359,689,2320,566,2188
360,689,2320,566,2188
361,689,2320,566,2188
362,689,2320,566,2188
363,689,2320,566,2188
364,689,2320,566,2188
365,701,2332,578,2200
366,701,2332,578,2200
367,701,2332,578,2200
368,701,2332,578,2200
369,701,2332,578,2200
370,701,2347,578,2215
371,701,2347,578,2215
372,701,2347,578,2215
373,701,2347,578,2215
374,701,2347,578,2215
375,701,2347,578,2215
376,701,2347,578,2215
377,701,2361,578,2229
378,722,2361,599,2229
379,722,2361,599,2229
380,722,2361,599,2229
381,722,2361,599,2229
382,722,2361,599,2229
383,722,2361,599,2229
384,722,2361,599,2229
385,722,2361,599,2229
386,722,2361,599,2229
387,722,2361,599,2229
388,722,2361,599,2229
389,722,2361,599,2229
390,722,2361,599,2229
391,722,2361,599,2229
392,722,2361,599,2229
393,722,2361,599,2229
394,722,2361,599,2229
395,722,2361,599,2229
396,722,2382,599,2250
397,722,2382,599,2250
398,722,2382,599,2250
399,722,2387,599,2239
400,722,2387,599,2239
401,722,2388,599,2240
402,722,2388,599,2240
403,722,2405,599,2241
404,722,2405,599,2241
405,722,2405,599,2241
406,722,2405,599,2241
407,722,2405,599,2241
408,722,2405,599,2241
409,722,2405,599,2241
410,722,2405,599,2241
411,722,2405,599,2241
412,722,2405,599,2241
413,722,2405,599,2241
414,722,2405,599,2241
415,722,2405,599,2241
416,722,2405,599,2241
417,722,2405,599,2241
418,722,2405,599,2241
419,722,2422,599,2251
420,722,2422,599,2251
421,722,2422,599,2251
422,722,2422,599,2251
423,722,2422,599,2251
424,722,2422,599,2251
425,722,2422,599,2251
426,722,2422,599,2251
427,722,2422,599,2251
428,722,2422,599,2251
429,722,2422,599,2251
430,722,2422,599,2251
431,722,2422,599,2251
432,722,2422,599,2251
433,722,2422,599,2251
434,722,2422,599,2251
435,722,2422,599,2251
436,722,2422,599,2251
437,722,2422,599,2251
438,722,2422,599,2251
439,722,2422,599,2251
440,722,2422,599,2251
441,722,2422,599,2251
442,722,2422,599,2251
443,722,2422,599,2251
444,722,2422,599,2251
445,722,2422,599,2251
446,722,2422,599,2251
447,722,2422,599,2251
448,722,2422,599,2251
449,722,2422,599,2251
450,722,2422,599,2251
451,722,2422,599,2251
452,722,2422,599,2251
453,722,2422,599,2251
454,722,2422,599,2251
455,722,2422,599,2251
456,722,2422,599,2251
457,722,2422,599,2251
458,722,2422,599,2251
459,722,2422,599,2251
460,722,2422,599,2251
461,722,2422,599,2251
462,722,2422,599,2251
463,722,2422,599,2251
464,722,2422,599,2251
465,722,2422,599,2251
466,722,2422,599,2251
467,722,2422,599,2251
468,722,2422,599,2251
469,722,2422,599,2251
470,722,2422,599,2251
471,722,2422,599,2251
472,722,2422,599,2251
473,722,2422,599,2251
474,722,2422,599,2251
475,722,2422,599,2251
476,722,2422,599,2251
477,722,2422,599,2251
478,722,2422,599,2251
479,722,2422,599,2251
480,722,2422,599,2251
481,722,2422,599,2251
482,722,2422,599,2251
483,722,2422,599,2251
484,722,2422,599,2251
485,722,2422,599,2251
486,722,2422,599,2251
487,722,2422,599,2251
488,722,2422,599,2251
489,722,2422,599,2251
490,722,2422,599,2251
491,722,2422,599,2251
492,722,2422,599,2251
493,722,2422,599,2251
494,722,2422,599,2251
495,722,2422,599,2251
496,722,2422,599,2251
497,722,2422,599,2251
498,722,2422,599,2251
499,722,2422,599,2251
500,722,2422,599,2251
501,722,2422,599,2251
502,722,2422,599,2251
503,722,2422,599,2251
504,722,2422,599,2251
505,722,2422,599,2251
506,722,2422,599,2251
507,722,2422,599,2251
508,722,2422,599,2251
509,722,2422,599,2251
510,722,2422,599,2251
511,722,2422,599,2251
512,722,2422,599,2251
513,722,2422,599,2251
514,722,2422,599,2251
515,722,2422,599,2251
516,722,2422,599,2251
517,722,2374,599,2246
518,722,2374,599,2246
519,722,2374,599,2246
520,722,2374,599,2246
521,722,2359,599,2231
522,722,2359,599,2231
523,722,2359,599,2231
524,722,2337,599,2209
525,722,2337,599,2209
526,722,2337,599,2209
527,722,2337,599,2209
528,722,2337,599,2209
529,722,2337,599,2209
530,722,2337,599,2209
531,722,2337,599,2209
532,722,2337,599,2209
533,722,2337,599,2209
534,707,2337,584,2209
535,707,2337,584,2209
536,707,2337,584,2209
537,707,2337,584,2209
538,707,2337,584,2209
539,707,2337,584,2209
540,707,2337,584,2209
541,707,2337,584,2209
542,707,2337,584,2209
543,707,2337,584,2209
544,707,2324,584,2199
545,707,2324,584,2199
546,707,2324,584,2199
547,707,2324,584,2199
548,707,2324,584,2199
549,707,2324,584,2199
550,707,2324,584,2199
551,707,2324,584,2199
552,707,2311,584,2186
553,707,2311,584,2186
554,707,2311,584,2186
555,707,2311,584,2186
556,707,2311,584,2186
557,707,2311,584,2186
558,707,2311,584,2186
559,707,2311,584,2186
560,707,2311,584,2186
561,707,2311,584,2186
562,707,2311,584,2186
563,707,2311,584,2186
564,707,2311,584,2186
565,707,2311,584,2186
566,697,2311,574,2186
567,697,2311,574,2186
568,697,2311,574,2186
569,697,2311,574,2186
570,697,2311,574,2186
571,697,2311,574,2186
572,697,2311,574,2186
573,697,2311,574,2186
574,697,2311,574,2186
575,697,2311,574,2186
576,697,2311,574,2186
577,697,2311,574,2186
578,697,2311,574,2186
579,697,2311,574,2186
580,697,2311,574,2186
581,697,2311,574,2186
582,697,2311,574,2186
583,697,2311,574,2186
584,697,2311,574,2186
585,697,2311,574,2186
586,697,2307,574,2171
587,697,2307,574,2171
588,697,2307,574,2171
589,697,2307,574,2171
590,697,2307,574,2171
591,697,2307,574,2171
592,697,2307,574,2171
593,697,2307,574,2171
594,697,2307,574,2171
595,697,2307,574,2171
596,697,2307,574,2171
597,697,2307,574,2171
598,697,2307,574,2171
599,697,2307,574,2171
600,697,2307,574,2171
601,697,2307,574,2171
602,697,2307,574,2171
603,697,2307,574,2171
604,697,2307,574,2171
605,697,2307,574,2171
606,697,2307,574,2171
607,697,2307,574,2171
608,697,2307,574,2171
609,697,2307,574,2171
610,697,2307,574,2171
611,697,2307,574,2171
612,697,2307,574,2171
613,697,2307,574,2171
614,697,2307,574,2171
615,697,2307,574,2171
616,697,2307,574,2171
617,697,2307,574,2171
618,697,2307,574,2171
619,697,2307,574,2171
620,697,2307,574,2171
621,697,2307,574,2171
622,697,2307,574,2171
623,697,2307,574,2171
624,697,2307,574,2171
625,697,2307,574,2171
626,697,2307,574,2171
627,697,2307,574,2171
628,697,2307,574,2171
629,697,2307,574,2171
630,697,2307,574,2171
631,697,2307,574,2171
632,697,2307,574,2171
633,697,2307,574,2171
634,697,2307,574,2171
635,697,2307,574,2171
636,697,2307,574,2171
637,697,2307,574,2171
638,697,2307,574,2171
639,697,2307,574,2171
640,697,2307,574,2171
641,697,2307,574,2171
642,697,2307,574,2171
643,697,2307,574,2171
644,697,2307,574,2171
645,697,2307,574,2171
646,697,2307,574,2171
647,697,2307,574,2171
648,697,2307,574,2171
649,697,2307,574,2171
650,697,2307,574,2171
651,697,2307,574,2171
652,697,2307,574,2171
653,697,2307,574,2171
654,697,2307,574,2171
655,697,2307,574,2171
656,697,2307,574,2171
657,697,2307,574,2171
658,697,2307,574,2171
659,697,2307,574,2171
660,697,2307,574,2171
661,697,2307,574,2171
662,697,2307,574,2171
663,697,2307,574,2171
664,697,2307,574,2171
665,697,2307,574,2171
666,697,2307,574,2171
667,697,2307,574,2171
668,697,2307,574,2171
669,697,2307,574,2171
670,697,2307,574,2171
671,697,2307,574,2171
672,697,2307,574,2171
673,697,2307,574,2171
674,697,2307,574,2171
675,697,2307,574,2171
676,697,2307,574,2171
677,697,2307,574,2171
678,697,2307,574,2171
679,697,2307,574,2171
680,697,2307,574,2171
681,697,2307,574,2171
682,697,2307,574,2171
683,697,2307,574,2171
684,697,2307,574,2171
685,697,2307,574,2171
686,697,2307,574,2171
687,697,2307,574,2171
688,697,2307,574,2171
689,697,2307,574,2171
690,697,2307,574,2171
691,697,2307,574,2171
692,697,2307,574,2171
693,697,2307,574,2171
694,697,2307,574,2171
695,697,2307,574,2171
696,697,2307,574,2171
697,697,2307,574,2171
698,697,2307,574,2171
699,697,2307,574,2171
700,697,2307,574,2171
701,697,2307,574,2171
702,697,2307,574,2171
703,697,2307,574,2171
704,697,2307,574,2171
705,697,2307,574,2171
706,697,2307,574,2171
707,697,2307,574,2171
708,697,2307,574,2171
709,697,2307,574,2171
710,697,2307,574,2171
711,697,2307,574,2171
712,697,2307,574,2171
713,697,2307,574,2171
714,697,2307,574,2171
715,697,2307,574,2171
716,697,2307,574,2171
717,697,2307,574,2171
718,697,2307,574,2171
719,697,2307,574,2171
720,697,2307,574,2171
721,697,2307,574,2171
722,697,2307,574,2171
723,697,2307,574,2171
724,697,2307,574,2171
725,697,2307,574,2171
726,697,2307,574,2171
727,697,2307,574,2171
728,697,2307,574,2171
729,697,2307,574,2171
730,697,2307,574,2171
731,697,2307,574,2171
732,697,2307,574,2171
733,697,2307,574,2171
734,697,2307,574,2171
735,697,2307,574,2171
736,697,2307,574,2171
737,697,2307,574,2171
738,697,2307,574,2171
739,697,2307,574,2171
740,697,2307,574,2171
741,697,2307,574,2171
742,697,2307,574,2171
743,697,2307,574,2171
744,697,2307,574,2171
745,697,2307,574,2171
746,697,2307,574,2171
747,697,2307,574,2171
748,697,2307,574,2171
749,697,2307,574,2171
750,697,2307,574,2171
751,697,2307,574,2171
752,697,2307,574,2171
753,697,2307,574,2171
754,697,2307,574,2171
755,697,2307,574,2171
756,697,2307,574,2171
757,697,2307,574,2171
758,697,2307,574,2171
759,697,2307,574,2171
760,697,2307,574,2171
761,697,2307,574,2171
762,697,2307,574,2171
763,697,2307,574,2171
764,697,2307,574,2171
765,697,2307,574,2171
766,697,2307,574,2171
767,697,2307,574,2171
768,697,2307,574,2171
769,697,2307,574,2171
770,697,2307,574,2171
771,697,2307,574,2171
772,697,2307,574,2171
773,697,2307,574,2171
774,697,2307,574,2171
775,697,2307,574,2171
776,697,2307,574,2171
777,697,2307,574,2171
778,697,2307,574,2171
779,697,2307,574,2171
780,697,2307,574,2171
781,697,2307,574,2171
782,697,2307,574,2171
783,697,2307,574,2171
784,697,2307,574,2171
785,697,2307,574,2171
786,697,2307,574,2171
787,697,2307,574,2171
788,697,2307,574,2171
789,697,2307,574,2171
790,697,2307,574,2171
791,697,2307,574,2171
792,697,2307,574,2171
793,697,2307,574,2171
794,697,2307,574,2171
795,697,2307,574,2171
796,697,2307,574,2171
797,697,2307,574,2171
798,697,2307,574,2171
799,697,2307,574,2171
800,697,2307,574,2171
801,697,2307,574,2171
802,697,2307,574,2171
803,697,2307,574,2171
804,697,2307,574,2171
805,697,2307,574,2171
806,697,2307,574,2171
807,697,2307,574,2171
808,697,2307,574,2171
809,697,2307,574,2171
810,697,2307,574,2171
811,697,2307,574,2171
812,697,2307,574,2171
813,697,2307,574,2171
814,697,2307,574,2171
815,697,2307,574,2171
816,697,2307,574,2171
817,697,2307,574,2171
818,697,2307,574,2171
819,697,2307,574,2171
820,697,2307,574,2171
821,697,2307,574,2171
822,697,2307,574,2171
823,697,2307,574,2171
824,697,2307,574,2171
825,697,2307,574,2171
826,697,2307,574,2171
827,697,2307,574,2171
828,697,2307,574,2171
829,697,2307,574,2171
830,697,2307,574,2171
831,669,2307,531,2171
832,654,2307,516,2171
833,654,2307,516,2171
834,654,2307,516,2171
835,648,2307,499,2171
836,648,2307,499,2171
837,648,2307,499,2171
838,636,2307,487,2171
839,636,2307,487,2171
840,636,2307,487,2171
841,636,2307,487,2171
842,636,2307,487,2171
843,636,2307,487,2171
844,636,2307,487,2171
845,636,2317,487,2181
846,636,2317,487,2181
847,636,2323,487,2187
848,636,2323,487,2187
849,636,2323,487,2187
850,602,2323,453,2187
851,602,2323,453,2187
852,602,2335,453,2199
853,602,2335,453,2199
854,602,2335,453,2199
855,596,2348,447,2199
856,596,2348,447,2199
857,596,2364,447,2215
858,596,2364,447,2215
859,596,2384,447,2235
860,596,2384,447,2235
861,596,2384,447,2235
862,575,2400,426,2251
863,575,2400,426,2251
864,575,2400,426,2251
865,558,2418,409,2269
866,558,2418,409,2269
867,558,2418,409,2269
868,558,2418,409,2269
869,558,2418,409,2269
870,558,2418,409,2269
871,558,2418,409,2269
872,558,2418,409,2269
873,558,2418,409,2269
874,558,2418,409,2269
875,558,2418,409,2269
876,558,2418,409,2269
877,558,2418,409,2269
878,558,2418,409,2269
879,558,2418,409,2269
880,558,2418,409,2269
881,566,2418,417,2269
882,566,2418,417,2269
883,578,2410,429,2261
884,578,2410,429,2261
885,578,2410,429,2261
886,598,2410,449,2261
887,598,2410,449,2261
888,598,2393,449,2244
889,598,2393,449,2244
890,611,2376,462,2227
891,611,2376,462,2227
892,626,2367,477,2207
893,642,2352,493,2192
894,642,2352,493,2192
895,655,2337,506,2172
896,667,2320,518,2155
897,667,2320,518,2155
898,686,2277,537,2126
899,686,2254,537,2103
900,686,2254,537,2103
901,687,2239,538,2088
902,687,2239,538,2088
903,687,2239,538,2088
904,687,2239,538,2088
905,687,2239,538,2088
906,687,2239,538,2088
907,687,2239,538,2088
908,687,2239,538,2088
909,687,2239,538,2088
910,687,2239,538,2088
911,687,2239,538,2088
912,711,2188,562,2037
913,711,2188,562,2037
914,711,2173,562,2022
915,711,2173,562,2022
916,728,2156,579,2005
917,728,2156,579,2005
918,728,2141,579,1990
919,728,2141,579,1990
920,728,2141,579,1990
921,749,2115,600,1983
922,749,2115,600,1983
923,749,2115,600,1983
924,749,2115,600,1983
925,749,2115,600,1983
926,749,2115,600,1983
927,718,2115,569,1983
928,718,2115,569,1983
929,702,2115,553,1983
930,702,2115,553,1983
931,696,2115,547,1983
932,696,2115,547,1983
933,696,2115,547,1983
934,696,2115,547,1983
935,695,2115,546,1983
936,695,2115,546,1983
937,695,2115,546,1983
938,695,2115,546,1983
939,695,2115,546,1983
940,695,2115,546,1983
941,695,2115,546,1983
942,695,2115,546,1983
943,695,2115,546,1983
944,695,2115,546,1983
945,695,2115,546,1983
946,695,2115,546,1983
947,695,2115,546,1983
948,695,2115,546,1983
949,695,2115,546,1983
950,695,2115,546,1983
951,695,2115,546,1983
952,695,2115,546,1983
953,695,2115,546,1983
954,695,2115,546,1983
955,695,2115,546,1983
956,695,2115,546,1983
957,695,2115,546,1983
958,695,2115,546,1983
959,695,2115,546,1983
960,695,2115,546,1983
961,695,2115,546,1983
962,695,2115,546,1983
963,695,2115,546,1983
964,695,2115,546,1983
965,695,2115,546,1983
966,695,2115,546,1983
967,695,2115,546,1983
968,695,2115,546,1983
969,695,2115,546,1983
970,695,2115,546,1983
971,695,2115,546,1983
972,695,2115,546,1983
973,695,2115,546,1983
974,695,2115,546,1983
975,695,2115,546,1983
976,695,2115,546,1983
977,695,2115,546,1983
978,695,2115,546,1983
979,695,2115,546,1983
980,556,2115,407,1983
981,552,2115,382,1983
982,517,2115,347,1983
983,517,2115,347,1983
984,487,2086,317,1970
985,463,2086,293,1970
986,463,2086,293,1970
987,439,2086,269,1970
988,414,2086,262,1970
989,390,2086,238,1970
990,377,2071,228,1970
991,377,2071,228,1970
992,337,2071,188,1970
993,337,2071,188,1970
994,320,2072,171,1971
995,305,2072,156,1971
996,305,2072,156,1971
997,294,2072,145,1971
998,294,2072,145,1971
999,347,2072,135,1971
1000,347,2072,135,1971
1001,347,2072,135,1971
1002,334,2072,122,1971
1003,334,2072,122,1971
1004,334,2072,122,1971
1005,334,2072,122,1971
1006,334,2072,122,1971
1007,334,2072,122,1971
1008,315,2072,103,1971
1009,315,2072,103,1971
1010,315,2072,103,1971
1011,315,2072,103,1971
1012,315,2072,103,1971
1013,296,2072,84,1971
1014,296,2072,84,1971
1015,296,2072,84,1971
1016,296,2072,84,1971
1017,296,2072,84,1971
1018,296,2072,84,1971
1019,240,2072,72,1971
1020,240,2072,72,1971
1021,240,2072,72,1971
1022,240,2079,72,1978
1023,240,2079,72,1978
1024,239,2089,71,1988
1025,239,2089,71,1988
1026,239,2103,71,2002
1027,239,2103,71,2002
1028,239,2103,71,2002
1029,239,2112,71,2011
1030,239,2112,71,2011
1031,239,2112,71,2011
1032,239,2112,71,2011
1033,239,2125,71,2024
1034,239,2125,71,2024
1035,239,2137,71,2036
1036,239,2137,71,2036
1037,239,2137,71,2036
1038,239,2152,71,2051
1039,239,2152,71,2051
1040,239,2164,71,2063
1041,239,2164,71,2063
1042,239,2180,71,2079
1043,239,2180,71,2079
1044,253,2194,85,2093
1045,253,2194,85,2093
1046,253,2194,85,2093
1047,254,2211,86,2110
1048,254,2222,86,2121
1049,254,2222,86,2121
1050,254,2222,86,2121
1051,265,2234,97,2133
1052,265,2234,97,2133
1053,265,2251,97,2150
1054,265,2251,97,2150
1055,277,2251,109,2150
1056,277,2251,109,2150
1057,277,2251,109,2150
1058,289,2262,121,2151
1059,289,2262,121,2151
1060,308,2273,140,2162
1061,308,2273,140,2162
1062,324,2273,156,2162
1063,324,2273,156,2162
1064,364,2312,157,2176
1065,364,2312,157,2176
1066,380,2321,173,2185
1067,380,2321,173,2185
1068,396,2334,189,2198
1069,396,2334,189,2198
1070,396,2334,189,2198
1071,396,2334,189,2198
1072,396,2334,189,2198
1073,396,2366,189,2230
1074,396,2366,189,2230
1075,399,2366,217,2230
1076,399,2366,217,2230
1077,399,2379,217,2243
1078,399,2379,217,2243
1079,415,2380,233,2244
1080,415,2380,233,2244
1081,433,2391,251,2255
1082,433,2392,251,2256
1083,433,2392,251,2256
1084,433,2404,251,2268
1085,433,2414,251,2278
1086,433,2414,251,2278
1087,441,2429,259,2293
1088,441,2429,259,2293
1089,441,2429,259,2293
1090,441,2429,259,2293
1091,441,2422,259,2293
1092,439,2428,290,2299
1093,439,2428,290,2299
1094,439,2440,290,2311
1095,439,2440,290,2311
1096,439,2440,290,2311
1097,439,2440,290,2311
1098,439,2440,290,2311
1099,439,2440,290,2311
1100,439,2440,290,2311
1101,455,2440,306,2311
1102,455,2440,306,2311
1103,455,2440,306,2311
1104,455,2440,306,2311
1105,455,2440,306,2311
1106,455,2440,306,2311
1107,455,2440,306,2311
1108,455,2440,306,2311
1109,455,2440,306,2311
1110,455,2440,306,2311
1111,455,2440,306,2311
1112,455,2440,306,2311
1113,455,2440,306,2311
1114,455,2440,306,2311
1115,455,2440,306,2311
1116,455,2440,306,2311
1117,455,2440,306,2311
1118,455,2440,306,2311
1119,455,2440,306,2311
1120,455,2440,306,2311
1121,455,2440,306,2311
1122,455,2440,306,2311
1123,455,2440,306,2311
1124,468,2450,319,2350
1125,468,2450,319,2350
1126,468,2450,319,2350
1127,468,2450,319,2350
1128,468,2450,319,2350
1129,468,2450,319,2350
1130,468,2450,319,2350
1131,468,2450,319,2350
1132,468,2450,319,2350
1133,468,2450,319,2350
1134,468,2450,319,2350
1135,468,2450,319,2350
1136,468,2450,319,2350
1137,468,2450,319,2350
1138,468,2450,319,2350
1139,468,2450,319,2350
1140,468,2450,319,2350
1141,468,2450,319,2350
1142,468,2450,319,2350
1143,468,2450,319,2350
1144,468,2450,319,2350
1145,468,2450,319,2350
1146,468,2450,319,2350
1147,468,2450,319,2350
1148,468,2450,319,2350
1149,468,2450,319,2350
1150,468,2450,319,2350
1151,468,2450,319,2350
1152,468,2450,319,2350
1153,468,2450,319,2350
1154,468,2450,319,2350
1155,468,2450,319,2350
1156,468,2450,319,2350
1157,468,2450,319,2350
1158,468,2450,319,2350
1159,493,2412,344,2312
1160,493,2412,344,2312
1161,493,2412,344,2312
1162,493,2389,344,2289
1163,493,2389,344,2289
1164,493,2389,344,2289
1165,493,2389,344,2289
1166,493,2389,344,2289
1167,493,2389,344,2289
1168,493,2389,344,2289
1169,493,2389,344,2289
1170,492,2379,343,2279
1171,492,2379,343,2279
1172,492,2379,343,2279
1173,510,2362,361,2262
1174,510,2362,361,2262
1175,531,2362,382,2262
1176,531,2362,382,2262
1177,545,2362,396,2262
1178,545,2362,396,2262
1179,561,2348,412,2248
1180,561,2348,412,2248
1181,561,2348,412,2248
1182,561,2348,412,2248
1183,561,2348,412,2248
1184,569,2347,420,2247
1185,569,2347,420,2247
1186,569,2327,420,2227
1187,569,2327,420,2227
1188,569,2327,420,2227
1189,569,2327,420,2227
1190,583,2327,434,2227
1191,583,2327,434,2227
1192,583,2312,434,2212
1193,583,2312,434,2212
1194,584,2301,435,2201
1195,584,2301,435,2201
1196,585,2289,436,2189
1197,585,2289,436,2189
1198,607,2289,458,2189
1199,607,2289,458,2189
1200,614,2288,465,2188
1201,614,2288,465,2188
1202,615,2274,466,2174
1203,615,2274,466,2174
1204,615,2274,466,2174
1205,615,2274,466,2174
1206,615,2274,466,2174
1207,615,2274,466,2174
1208,640,2272,491,2172
1209,640,2272,491,2172
1210,641,2244,492,2144
1211,641,2244,492,2144
1212,649,2243,500,2143
1213,649,2243,500,2143
1214,649,2243,500,2143
1215,649,2243,500,2143
1216,649,2243,500,2143
1217,649,2243,500,2143
1218,649,2243,500,2143
1219,649,2243,500,2143
1220,682,2224,533,2124
1221,682,2224,533,2124
1222,682,2224,533,2124
1223,698,2224,549,2124
1224,698,2224,549,2124
1225,706,2206,557,2106
1226,706,2206,557,2106
1227,718,2191,569,2091
1228,718,2191,569,2091
1229,718,2191,569,2091
1230,733,2191,584,2063
1231,733,2191,584,2063
1232,733,2191,584,2063
1233,742,2190,593,2062
1234,742,2190,593,2062
1235,726,2190,602,2062
1236,726,2190,602,2062
1237,726,2190,602,2062
1238,726,2176,602,2048
1239,726,2176,602,2048
1240,726,2176,602,2048
1241,726,2176,602,2048
1242,726,2176,602,2048
1243,743,2163,619,2035
1244,743,2163,619,2035
1245,743,2163,619,2035
1246,743,2163,619,2035
1247,743,2163,619,2035
1248,743,2163,619,2035
1249,743,2163,619,2035
1250,768,2162,644,2034
1251,768,2162,644,2034
1252,768,2162,644,2034
1253,787,2154,663,2026
1254,787,2154,663,2026
1255,798,2154,674,2026
1256,798,2154,674,2026
1257,798,2154,674,2026
1258,815,2154,691,2026
1259,815,2154,691,2026
1260,815,2154,691,2026
1261,815,2154,691,2026
1262,815,2154,691,2026
1263,815,2154,691,2026
1264,815,2154,691,2026
1265,815,2154,691,2026
1266,815,2154,691,2026
1267,815,2154,691,2026
1268,815,2154,691,2026
1269,815,2154,691,2026
1270,828,2141,704,2013
1271,828,2141,704,2013
1272,828,2141,704,2013
1273,828,2141,704,2013
1274,828,2141,704,2013
1275,828,2141,704,2013
1276,828,2141,704,2013
1277,828,2141,704,2013
1278,828,2141,704,2013
1279,828,2126,704,1998
1280,828,2126,704,1998
1281,828,2126,704,1998
1282,828,2126,704,1998
1283,828,2126,704,1998
1284,828,2126,704,1998
1285,828,2126,704,1998
1286,828,2126,704,1998
1287,828,2126,704,1998
1288,828,2126,704,1998
1289,828,2126,704,1998
1290,828,2126,704,1998
1291,828,2126,704,1998
1292,828,2126,704,1998
1293,828,2126,704,1998
1294,828,2126,704,1998
1295,828,2126,704,1998
1296,828,2126,704,1998
1297,828,2126,704,1998
1298,828,2126,704,1998
1299,828,2126,704,1998
1300,828,2126,704,1998
1301,828,2126,704,1998
1302,828,2126,704,1998
1303,863,2126,739,1998
1304,863,2126,739,1998
1305,863,2126,739,1998
1306,863,2126,739,1998
1307,863,2126,739,1998
1308,863,2126,739,1998
1309,863,2126,739,1998
1310,863,2126,739,1998
1311,863,2126,739,1998
1312,863,2126,739,1998
1313,875,2132,751,2017
1314,875,2132,751,2017
1315,876,2132,752,2017
1316,876,2132,752,2017
1317,876,2132,752,2017
1318,876,2132,752,2017
1319,876,2132,752,2017
1320,876,2132,752,2017
1321,876,2132,752,2017
1322,876,2132,752,2017
1323,876,2132,752,2017
1324,876,2132,752,2017
1325,876,2132,752,2017
1326,876,2132,752,2017
1327,876,2132,752,2017
1328,876,2132,752,2017
1329,876,2132,752,2017
1330,876,2132,752,2017
1331,876,2132,752,2017
1332,876,2132,752,2017
1333,876,2132,752,2017
1334,876,2132,752,2017
1335,876,2132,752,2017
1336,876,2132,752,2017
1337,876,2132,752,2017
1338,876,2132,752,2017
1339,876,2132,752,2017
1340,876,2132,752,2017
1341,876,2132,752,2017
1342,876,2132,752,2017
1343,876,2132,752,2017
1344,876,2132,752,2017
1345,876,2132,752,2017
1346,876,2132,752,2017
1347,876,2132,752,2017
1348,876,2132,752,2017
1349,876,2166,752,2038
1350,876,2166,752,2038
1351,876,2166,752,2038
1352,876,2175,752,2047
1353,876,2175,752,2047
1354,876,2175,752,2047
1355,876,2175,752,2047
1356,876,2176,752,2048
1357,876,2176,752,2048
1358,876,2176,752,2048
1359,876,2176,752,2048
1360,876,2176,752,2048
1361,876,2176,752,2048
1362,876,2176,752,2048
1363,876,2176,752,2048
1364,876,2176,752,2048
1365,876,2182,752,2054
1366,876,2182,752,2054
1367,876,2182,752,2054
1368,876,2182,752,2054
1369,876,2182,752,2054
1370,876,2182,752,2054
1371,876,2182,752,2054
1372,876,2182,752,2054
1373,876,2182,752,2054
1374,876,2182,752,2054
1375,876,2182,752,2054
1376,876,2182,752,2054
1377,876,2182,752,2054
1378,876,2182,752,2054
1379,876,2182,752,2054
1380,876,2182,752,2054
1381,876,2183,752,2055
1382,876,2183,752,2055
1383,876,2183,752,2055
1384,876,2183,752,2055
1385,876,2183,752,2055
1386,876,2183,752,2055
1387,876,2183,752,2055
1388,876,2183,752,2055
1389,876,2183,752,2055
1390,876,2169,752,2041
1391,876,2169,752,2041
1392,876,2157,752,2029
1393,876,2157,752,2029
1394,876,2146,752,2018
1395,876,2140,752,2012
1396,876,2129,752,2001
1397,876,2129,752,2001
1398,876,2129,752,2001
1399,876,2129,752,2001
1400,876,2129,752,2001
1401,876,2129,752,2001
1402,850,2129,726,2001
1403,850,2129,726,2001
1404,850,2129,726,2001
1405,850,2129,726,2001
1406,850,2129,726,2001
1407,838,2129,714,2001
1408,838,2129,714,2001
1409,838,2129,714,2001
1410,838,2129,714,2001
1411,838,2129,714,2001
1412,838,2129,714,2001
1413,838,2129,714,2001
1414,838,2129,714,2001
1415,838,2129,714,2001
1416,838,2129,714,2001
1417,838,2129,714,2001
1418,838,2129,714,2001
1419,838,2129,714,2001
1420,837,2129,713,2001
1421,837,2129,713,2001
1422,837,2129,713,2001
1423,837,2129,713,2001
1424,837,2129,713,2001
1425,837,2129,713,2001
1426,837,2129,713,2001
1427,837,2129,713,2001
1428,837,2129,713,2001
1429,837,2129,713,2001
1430,837,2129,713,2001
1431,837,2129,713,2001
1432,837,2129,713,2001
1433,837,2129,713,2001
1434,837,2129,713,2001
1435,837,2129,713,2001
1436,837,2129,713,2001
1437,837,2129,713,2001
1438,837,2129,713,2001
1439,837,2129,713,2001
1440,837,2129,713,2001
1441,837,2129,713,2001
1442,837,2129,713,2001
1443,837,2129,713,2001
1444,837,2129,713,2001
1445,837,2129,713,2001
1446,837,2129,713,2001
1447,837,2129,713,2001
1448,837,2129,713,2001
1449,837,2129,713,2001
1450,837,2129,713,2001
1451,837,2129,713,2001
1452,837,2129,713,2001
1453,837,2129,713,2001
1454,837,2129,713,2001
1455,837,2129,713,2001
1456,837,2129,713,2001
1457,837,2129,713,2001
1458,837,2129,713,2001
1459,837,2129,713,2001
1460,837,2129,713,2001
1461,837,2129,713,2001
1462,837,2129,713,2001
1463,837,2129,713,2001
1464,837,2129,713,2001
1465,837,2129,713,2001
1466,837,2129,713,2001
1467,837,2129,713,2001
1468,837,2129,713,2001
1469,837,2129,713,2001
1470,837,2129,713,2001
1471,837,2129,713,2001
1472,837,2129,713,2001
1473,837,2129,713,2001
1474,837,2129,713,2001
1475,837,2129,713,2001
1476,837,2129,713,2001
1477,837,2129,713,2001
1478,837,2129,713,2001
1479,837,2129,713,2001
1480,837,2129,713,2001
1481,837,2129,713,2001
1482,837,2129,713,2001
1483,837,2129,713,2001
1484,837,2129,713,2001
1485,837,2129,713,2001
1486,837,2129,713,2001
1487,837,2129,713,2001
1488,837,2129,713,2001
1489,837,2129,713,2001
1490,837,2129,713,2001
1491,837,2129,713,2001
1492,837,2129,713,2001
1493,837,2129,713,2001
1494,837,2129,713,2001
1495,837,2129,713,2001
1496,837,2129,713,2001
1497,837,2129,713,2001
1498,837,2129,713,2001
1499,837,2129,713,2001
1500,837,2129,713,2001
1501,837,2129,713,2001
1502,837,2129,713,2001
1503,837,2129,713,2001
1504,837,2129,713,2001
1505,837,2129,713,2001
1506,837,2129,713,2001
1507,837,2129,713,2001
1508,837,2129,713,2001
1509,837,2129,713,2001
1510,837,2129,713,2001
1511,837,2129,713,2001
1512,837,2129,713,2001
1513,837,2129,713,2001
1514,837,2129,713,2001
1515,837,2129,713,2001
1516,837,2129,713,2001
1517,837,2129,713,2001
1518,837,2129,713,2001
1519,837,2129,713,2001
1520,837,2129,713,2001
1521,837,2129,713,2001
1522,837,2129,713,2001
1523,837,2129,713,2001
1524,837,2129,713,2001
1525,837,2129,713,2001
1526,837,2129,713,2001
1527,837,2129,713,2001
1528,837,2129,713,2001
1529,837,2129,713,2001
1530,837,2129,713,2001
1531,837,2129,713,2001
1532,837,2129,713,2001
1533,837,2129,713,2001
1534,837,2129,713,2001
1535,837,2129,713,2001
1536,837,2129,713,2001
1537,837,2129,713,2001
1538,837,2129,713,2001
1539,837,2129,713,2001
1540,837,2129,713,2001
1541,837,2129,713,2001
1542,837,2129,713,2001
1543,837,2129,713,2001
1544,837,2129,713,2001
1545,837,2129,713,2001
1546,837,2129,713,2001
1547,837,2129,713,2001
1548,837,2129,713,2001
1549,837,2129,713,2001
1550,837,2129,713,2001
1551,837,2129,713,2001
1552,837,2129,713,2001
1553,837,2129,713,2001
1554,837,2129,713,2001
1555,837,2129,713,2001
1556,837,2129,713,2001
1557,837,2129,713,2001
1558,837,2129,713,2001
1559,837,2129,713,2001
1560,837,2129,713,2001
1561,837,2129,713,2001
1562,837,2129,713,2001
1563,837,2129,713,2001
1564,837,2129,713,2001
1565,837,2129,713,2001
1566,837,2129,713,2001
1567,837,2129,713,2001
1568,837,2129,713,2001
1569,837,2129,713,2001
1570,837,2129,713,2001
1571,837,2129,713,2001
1572,837,2129,713,2001
1573,837,2129,713,2001
1574,837,2129,713,2001
1575,837,2129,713,2001
1576,837,2129,713,2001
1577,837,2129,713,2001
1578,837,2129,713,2001
1579,837,2129,713,2001
1580,837,2129,713,2001
1581,837,2129,713,2001
1582,837,2129,713,2001
1583,837,2129,713,2001
1584,837,2129,713,2001
1585,837,2129,713,2001
1586,837,2129,713,2001
1587,837,2129,713,2001
1588,837,2129,713,2001
1589,837,2129,713,2001
1590,837,2129,713,2001
1591,837,2129,713,2001
1592,837,2129,713,2001
1593,837,2129,713,2001
1594,837,2129,713,2001
1595,837,2129,713,2001
1596,837,2129,713,2001
1597,837,2129,713,2001
1598,837,2129,713,2001
1599,837,2129,713,2001
1600,837,2129,713,2001
1601,837,2129,713,2001
1602,837,2129,713,2001
1603,837,2129,713,2001
1604,837,2129,713,2001
1605,837,2129,713,2001
1606,837,2129,713,2001
1607,837,2129,713,2001
1608,837,2129,713,2001
1609,837,2129,713,2001
1610,837,2129,713,2001
1611,837,2129,713,2001
1612,837,2129,713,2001
1613,837,2129,713,2001
1614,837,2129,713,2001
1615,837,2129,713,2001
1616,837,2129,713,2001
1617,837,2129,713,2001
1618,837,2129,713,2001
1619,837,2129,713,2001
1620,837,2129,713,2001
1621,837,2129,713,2001
1622,837,2129,713,2001
1623,837,2129,713,2001
1624,837,2129,713,2001
1625,837,2129,713,2001
1626,837,2129,713,2001
1627,837,2129,713,2001
1628,837,2129,713,2001
1629,837,2129,713,2001
1630,837,2129,713,2001
1631,837,2129,713,2001
1632,837,2129,713,2001
1633,837,2129,713,2001
1634,837,2129,713,2001
1635,837,2129,713,2001
1636,837,2129,713,2001
1637,837,2129,713,2001
1638,837,2129,713,2001
1639,837,2129,713,2001
1640,837,2129,713,2001
1641,837,2129,713,2001
1642,837,2129,713,2001
1643,837,2129,713,2001
1644,837,2129,713,2001
1645,837,2129,713,2001
1646,837,2129,713,2001
1647,837,2129,713,2001
1648,837,2129,713,2001
1649,837,2129,713,2001
1650,837,2129,713,2001
1651,837,2129,713,2001
1652,837,2129,713,2001
1653,837,2129,713,2001
1654,837,2129,713,2001
1655,837,2129,713,2001
1656,837,2129,713,2001
1657,837,2129,713,2001
1658,837,2129,713,2001
1659,837,2129,713,2001
1660,837,2129,713,2001
1661,765,2129,608,2001
1662,751,2129,594,2001
1663,751,2129,594,2001
1664,731,2129,574,2001
1665,731,2129,574,2001
1666,706,2129,549,2001
1667,706,2129,549,2001
1668,706,2129,549,2001
1669,693,2129,536,2001
1670,693,2129,536,2001
1671,693,2129,536,2001
1672,684,2129,527,2001
1673,684,2129,527,2001
1674,684,2129,527,2001
1675,684,2129,527,2001
1676,684,2129,527,2001
1677,684,2129,527,2001
1678,684,2129,527,2001
1679,684,2129,527,2001
1680,684,2129,527,2001
1681,684,2129,527,2001
1682,684,2129,527,2001
1683,684,2129,527,2001
1684,684,2129,527,2001
1685,684,2129,527,2001
1686,684,2129,527,2001
1687,684,2129,527,2001
1688,684,2129,527,2001
1689,684,2129,527,2001
1690,684,2129,527,2001
1691,684,2129,527,2001
1692,684,2129,527,2001
1693,684,2129,527,2001
1694,737,2129,580,2001
1695,737,2129,580,2001
1696,737,2129,580,2001
1697,737,2129,580,2001
1698,737,2129,580,2001
1699,737,2129,580,2001
1700,737,2129,580,2001
1701,737,2129,580,2001
1702,737,2129,580,2001
1703,737,2129,580,2001
1704,737,2129,580,2001
1705,737,2129,580,2001
1706,737,2129,580,2001
1707,737,2129,580,2001
1708,737,2129,580,2001
1709,737,2129,580,2001
1710,737,2129,580,2001
1711,737,2129,580,2001
1712,737,2129,580,2001
1713,737,2129,580,2001
1714,737,2129,580,2001
1715,737,2129,580,2001
1716,737,2129,580,2001
1717,737,2106,580,1978
1718,737,2106,580,1978
1719,737,2106,580,1978
1720,737,2106,580,1978
1721,737,2106,580,1978
1722,737,2106,580,1978
1723,737,2106,580,1978
1724,737,2106,580,1978
1725,737,2106,580,1978
1726,737,2106,580,1978
1727,737,2106,580,1978
1728,737,2106,580,1978
1729,737,2106,580,1978
1730,737,2106,580,1978
1731,737,2106,580,1978
1732,848,2106,691,1978
1733,848,2106,691,1978
1734,891,2106,734,1978
1735,920,2106,763,1978
1736,920,2106,763,1978
1737,946,2106,789,1978
1738,973,2106,816,1978
1739,1003,2106,846,1978
1740,1028,2090,871,1962
1741,1046,2090,889,1962
1742,1046,2090,889,1962
1743,1081,2090,924,1962
1744,1097,2090,940,1962
1745,1106,2090,949,1962
1746,1120,2090,963,1962
1747,1126,2090,969,1962
1748,1126,2090,969,1962
1749,1144,2090,987,1962
1750,1144,2090,987,1962
1751,1157,2090,1000,1962
1752,1157,2090,1000,1962
1753,1158,2089,1001,1961
1754,1158,2089,1001,1961
1755,1158,2089,1001,1961
1756,1158,2089,1001,1961
1757,1158,2089,1001,1961
1758,1158,2089,1001,1961
1759,1158,2089,1001,1961
1760,1163,2090,1006,1962
1761,1163,2090,1006,1962
1762,1163,2090,1006,1962
1763,1163,2090,1006,1962
1764,1163,2090,1006,1962
1765,1163,2090,1006,1962
1766,1164,2109,1007,1981
1767,1164,2109,1007,1981
1768,1164,2121,1007,1993
1769,1164,2121,1007,1993
1770,1164,2131,1007,2003
1771,1164,2131,1007,2003
1772,1164,2131,1007,2003
1773,1164,2131,1007,2003
1774,1150,2134,993,2006
1775,1150,2134,993,2006
1776,1150,2134,993,2006
1777,1150,2150,993,2022
1778,1150,2150,993,2022
1779,1150,2150,993,2022
1780,1121,2157,964,2029
1781,1121,2157,964,2029
1782,1121,2157,964,2029
1783,1094,2176,937,2048
1784,1094,2176,937,2048
1785,1094,2176,937,2048
1786,1077,2207,920,2049
1787,1077,2207,920,2049
1788,1060,2213,903,2055
1789,1060,2213,903,2055
1790,1045,2226,888,2068
1791,1045,2226,888,2068
1792,1045,2262,888,2104
1793,1045,2262,888,2104
1794,1023,2283,866,2125
1795,1023,2283,866,2125
1796,1000,2305,843,2147
1797,1000,2305,843,2147
1798,978,2315,821,2157
1799,961,2316,804,2158
1800,961,2316,804,2158
1801,961,2332,804,2174
1802,961,2332,804,2174
1803,941,2352,784,2194
1804,941,2352,784,2194
1805,922,2352,765,2194
1806,922,2352,765,2194
1807,922,2378,765,2220
1808,922,2378,765,2220
1809,897,2407,740,2249
1810,897,2407,740,2249
1811,875,2407,718,2249
