1,1065,2786,891,2587
2,1065,2786,891,2587
3,1065,2786,891,2587
4,1065,2786,891,2587
5,1065,2786,891,2587
6,1065,2786,891,2587
7,1065,2786,891,2587
8,1065,2786,891,2587
9,1065,2786,891,2587
10,1065,2786,891,2587
11,1065,2786,891,2587
12,1065,2786,891,2587
13,1065,2786,891,2587
14,1065,2786,891,2587
15,1065,2786,891,2587
16,1065,2786,891,2587
17,1065,2786,891,2587
18,1065,2786,891,2587
19,1065,2786,891,2587
20,1065,2786,891,2587
21,1065,2786,891,2587
22,1065,2786,891,2587
23,1065,2786,891,2587
24,1065,2786,891,2587
25,1065,2786,891,2587
26,1065,2786,891,2587
27,1065,2786,891,2587
28,1065,2786,891,2587
29,1065,2786,891,2587
30,1065,2786,891,2587
31,1065,2786,891,2587
32,1065,2786,891,2587
33,1065,2786,891,2587
34,1065,2786,891,2587
35,1065,2786,891,2587
36,1065,2786,891,2587
37,1065,2786,891,2587
38,1065,2786,891,2587
39,1065,2786,891,2587
40,1065,2786,891,2587
41,1065,2786,891,2587
42,1065,2786,891,2587
43,1065,2786,891,2587
44,1118,2809,944,2633
45,1118,2809,944,2633
46,1139,2809,965,2633
47,1150,2810,976,2634
48,1162,2811,988,2635
49,1162,2811,988,2635
50,1170,2811,996,2635
51,1170,2811,996,2635
52,1193,2828,1019,2652
53,1193,2828,1019,2652
54,1225,2828,1051,2652
55,1225,2828,1051,2652
56,1253,2828,1079,2652
57,1253,2828,1079,2652
58,1277,2828,1103,2652
59,1277,2828,1103,2652
60,1305,2828,1131,2652
61,1305,2828,1131,2652
62,1305,2828,1131,2652
63,1305,2828,1131,2652
64,1344,2828,1170,2652
65,1344,2828,1170,2652
66,1344,2828,1170,2652
67,1344,2828,1170,2652
68,1344,2828,1170,2652
69,1344,2828,1170,2652
70,1344,2828,1170,2652
71,1344,2828,1170,2652
72,0,0,0,0
73,0,0,0,0
74,0,0,0,0
75,0,0,0,0
76,0,0,0,0
77,0,0,0,0
78,0,0,0,0
79,0,0,0,0
80,0,0,0,0
81,0,0,0,0
82,0,0,0,0
83,0,0,0,0
84,0,0,0,0
85,0,0,0,0
86,0,0,0,0
87,0,0,0,0
88,0,0,0,0
89,0,0,0,0
90,0,0,0,0
91,0,0,0,0
92,0,0,0,0
93,0,0,0,0
94,0,0,0,0
95,0,0,0,0
96,0,0,0,0
97,0,0,0,0
98,0,0,0,0
99,0,0,0,0
100,0,0,0,0
101,0,0,0,0
102,0,0,0,0
103,0,0,0,0
104,0,0,0,0
105,0,0,0,0
106,0,0,0,0
107,0,0,0,0
108,0,0,0,0
109,0,0,0,0
110,0,0,0,0
111,0,0,0,0
112,0,0,0,0
113,1321,2316,1182,2132
114,1321,2316,1182,2132
115,1321,2284,1182,2128
116,1311,2284,1172,2128
117,1296,2299,1157,2127
118,1285,2281,1146,2109
119,1271,2281,1132,2109
120,1266,2259,1127,2105
121,1243,2263,1104,2105
122,1265,2263,1088,2105
123,1238,2263,1061,2105
124,1232,2240,1055,2093
125,1214,2240,1037,2093
126,1208,2234,1031,2087
127,1198,2225,1021,2078
128,1188,2225,1011,2078
129,1188,2225,1011,2078
130,1188,2225,1011,2078
131,1188,2192,1011,2045
132,1181,2183,1004,2036
133,1169,2183,992,2036
134,1169,2183,992,2036
135,1159,2183,982,2036
136,1159,2183,982,2036
137,1157,2183,980,2036
138,1157,2183,980,2036
139,1157,2183,980,2036
140,1157,2183,980,2036
141,1157,2183,980,2036
142,1157,2183,980,2036
143,1157,2183,980,2036
144,1157,2183,980,2036
145,1157,2183,980,2036
146,1157,2183,980,2036
147,1157,2183,980,2036
148,1103,2184,926,2037
149,1095,2184,918,2037
150,1095,2202,918,2055
151,1095,2202,918,2055
152,1082,2212,905,2065
153,1068,2226,891,2079
154,1068,2226,891,2079
155,1068,2226,891,2079
156,1049,2241,872,2094
157,1049,2241,872,2094
158,1030,2237,853,2115
159,1009,2251,832,2129
160,1009,2251,832,2129
161,993,2256,816,2134
162,979,2256,802,2134
163,979,2256,802,2134
164,958,2269,781,2147
165,958,2269,781,2147
166,948,2269,771,2147
167,948,2269,771,2147
168,948,2284,771,2162
169,927,2284,750,2162
170,927,2284,750,2162
171,906,2299,729,2177
172,906,2299,729,2177
173,878,2299,701,2177
174,878,2299,701,2177
175,863,2334,686,2180
176,851,2334,674,2180
177,851,2334,674,2180
178,838,2350,661,2196
179,838,2350,661,2196
180,830,2350,653,2196
181,830,2350,653,2196
182,806,2356,629,2202
183,795,2356,618,2202
184,788,2369,611,2215
185,775,2372,598,2218
186,767,2384,590,2230
187,763,2388,586,2234
188,763,2388,586,2234
189,749,2405,572,2251
190,749,2405,572,2251
191,735,2417,558,2263
192,735,2417,558,2263
193,725,2437,548,2290
194,689,2437,559,2290
195,677,2437,547,2290
196,677,2437,547,2290
197,677,2451,547,2304
198,677,2451,547,2304
199,677,2451,547,2304
200,664,2451,534,2304
201,664,2451,534,2304
202,664,2451,534,2304
203,657,2464,527,2317
204,657,2464,527,2317
205,657,2464,527,2317
206,656,2477,526,2330
207,656,2477,526,2330
208,656,2477,526,2330
209,656,2477,526,2330
210,656,2477,526,2330
211,656,2477,526,2330
212,656,2477,526,2330
213,656,2477,526,2330
214,656,2477,526,2330
215,656,2477,526,2330
216,656,2477,526,2330
217,656,2477,526,2330
218,656,2477,526,2330
219,656,2477,526,2330
220,656,2477,526,2330
221,656,2477,526,2330
222,656,2477,526,2330
223,656,2477,526,2330
224,656,2477,526,2330
225,656,2477,526,2330
226,656,2477,526,2330
227,656,2477,526,2330
228,656,2477,526,2330
229,656,2477,526,2330
230,656,2477,526,2330
231,656,2477,526,2330
232,656,2477,526,2330
233,656,2477,526,2330
234,656,2477,526,2330
235,656,2477,526,2330
236,656,2477,526,2330
237,656,2477,526,2330
238,656,2477,526,2330
239,656,2477,526,2330
240,656,2477,526,2330
241,656,2477,526,2330
242,656,2477,526,2330
243,656,2477,526,2330
244,656,2477,526,2330
245,656,2477,526,2330
246,656,2477,526,2330
247,656,2477,526,2330
248,656,2477,526,2330
249,656,2477,526,2330
250,656,2477,526,2330
251,656,2477,526,2330
252,656,2477,526,2330
253,656,2477,526,2330
254,656,2477,526,2330
255,656,2477,526,2330
256,656,2477,526,2330
257,656,2477,526,2330
258,656,2477,526,2330
259,656,2477,526,2330
260,656,2477,526,2330
261,656,2477,526,2330
262,656,2477,526,2330
263,656,2477,526,2330
264,656,2477,526,2330
265,656,2477,526,2330
266,656,2477,526,2330
267,656,2477,526,2330
268,656,2477,526,2330
269,656,2477,526,2330
270,656,2477,526,2330
271,656,2477,526,2330
272,656,2477,526,2330
273,656,2477,526,2330
274,656,2477,526,2330
275,656,2477,526,2330
276,656,2477,526,2330
277,656,2477,526,2330
278,656,2477,526,2330
279,656,2477,526,2330
280,656,2477,526,2330
281,656,2477,526,2330
282,656,2477,526,2330
283,656,2477,526,2330
284,656,2477,526,2330
285,656,2477,526,2330
286,656,2477,526,2330
287,656,2477,526,2330
288,701,2476,571,2329
289,722,2476,592,2329
290,722,2476,592,2329
291,722,2476,592,2329
292,722,2476,592,2329
293,722,2484,592,2337
294,722,2484,592,2337
295,736,2499,606,2337
296,736,2499,606,2337
297,754,2516,624,2354
298,754,2516,624,2354
299,754,2516,624,2354
300,772,2516,642,2354
301,772,2516,642,2354
302,772,2516,642,2354
303,772,2516,642,2354
304,772,2516,642,2354
305,772,2516,642,2354
306,782,2533,652,2371
307,782,2533,652,2371
308,782,2533,652,2371
309,782,2552,652,2390
310,782,2552,652,2390
311,782,2552,652,2390
312,800,2559,670,2410
313,800,2559,670,2410
314,800,2559,670,2410
315,825,2560,695,2411
316,825,2560,695,2411
317,841,2593,711,2423
318,841,2593,711,2423
319,853,2625,723,2440
320,853,2625,723,2440
321,853,2625,723,2440
322,868,2626,738,2441
323,868,2626,738,2441
324,882,2640,752,2455
325,882,2640,752,2455
326,882,2640,752,2455
327,902,2652,772,2467
328,902,2652,772,2467
329,902,2652,772,2467
330,916,2689,786,2467
331,932,2709,802,2487
332,932,2709,802,2487
333,950,2716,804,2494
334,950,2716,804,2494
335,967,2725,821,2519
336,975,2725,829,2519
337,975,2725,829,2519
338,990,2725,844,2519
339,990,2725,844,2519
340,990,2725,844,2519
341,1004,2725,858,2544
342,1015,2728,869,2563
343,1015,2728,869,2563
344,1021,2743,875,2578
345,1021,2743,875,2578
346,1031,2754,885,2589
347,1031,2754,885,2589
348,1045,2771,899,2606
349,1045,2771,899,2606
350,1045,2771,899,2606
351,1059,2771,913,2606
352,1059,2771,913,2606
353,1059,2771,913,2606
354,1070,2788,924,2623
355,1070,2788,924,2623
356,1070,2788,924,2623
357,1076,2801,930,2636
358,1076,2801,930,2636
359,1095,2801,949,2636
360,1095,2801,949,2636
361,1095,2801,949,2636
362,1103,2820,957,2655
363,1103,2820,957,2655
364,1111,2835,965,2670
365,1111,2835,965,2670
366,1111,2843,965,2678
367,1111,2843,965,2678
368,1111,2843,965,2678
369,1111,2843,965,2678
370,1111,2843,965,2678
371,1111,2843,965,2678
372,1111,2843,965,2678
373,1097,2849,951,2684
374,1097,2849,951,2684
375,1097,2849,951,2684
376,1097,2849,951,2684
377,1097,2849,951,2684
378,1097,2849,951,2684
379,1097,2849,951,2684
380,1097,2849,951,2684
381,1097,2849,951,2684
382,1097,2849,951,2684
383,1097,2849,951,2684
384,1097,2849,951,2684
385,1097,2849,951,2684
386,1097,2849,951,2684
387,1097,2849,951,2684
388,1097,2849,951,2684
389,1097,2849,951,2684
390,1097,2849,951,2684
391,1052,2871,906,2712
392,1052,2871,906,2712
393,1052,2871,906,2712
394,1052,2871,906,2712
395,1052,2871,906,2712
396,1052,2871,906,2712
397,999,2871,853,2712
398,999,2871,853,2712
399,972,2871,826,2712
400,972,2871,826,2712
401,957,2871,811,2712
402,957,2871,811,2712
403,957,2871,811,2712
404,943,2863,797,2704
405,943,2863,797,2704
406,927,2863,781,2704
407,927,2863,781,2704
408,927,2863,781,2704
409,911,2848,765,2689
410,911,2848,765,2689
411,911,2848,765,2689
412,894,2849,748,2690
413,894,2849,748,2690
414,880,2849,734,2690
415,880,2849,734,2690
416,880,2849,734,2690
417,865,2845,719,2674
418,853,2834,707,2663
419,853,2834,707,2663
420,840,2834,694,2663
421,840,2834,694,2663
422,840,2834,694,2663
423,830,2826,684,2648
424,830,2826,684,2648
425,814,2826,668,2648
426,814,2826,668,2648
427,814,2826,668,2648
428,814,2826,668,2648
429,814,2826,668,2648
430,814,2826,668,2648
431,814,2826,668,2648
432,791,2826,627,2648
433,791,2826,627,2648
434,774,2826,610,2648
435,774,2826,610,2648
436,774,2826,610,2648
437,774,2826,610,2648
438,774,2826,610,2648
439,774,2826,610,2648
440,760,2826,596,2648
441,760,2826,596,2648
442,760,2826,596,2648
443,760,2826,596,2648
444,760,2826,596,2648
445,760,2826,596,2648
446,760,2826,596,2648
447,760,2826,596,2648
448,760,2826,596,2648
449,760,2826,596,2648
450,760,2826,596,2648
451,760,2826,596,2648
452,760,2826,596,2648
453,760,2826,596,2648
454,760,2826,596,2648
455,760,2826,596,2648
456,760,2826,596,2648
457,760,2826,596,2648
458,789,2855,625,2687
459,789,2855,625,2687
460,799,2856,635,2688
461,799,2856,635,2688
462,812,2873,648,2705
463,812,2873,648,2705
464,812,2873,648,2705
465,840,2873,676,2705
466,840,2873,676,2705
467,856,2873,692,2705
468,856,2873,692,2705
469,856,2873,692,2705
470,888,2873,724,2705
471,888,2873,724,2705
472,888,2873,724,2705
473,906,2873,742,2705
474,906,2873,742,2705
475,906,2873,742,2705
476,923,2873,759,2705
477,923,2873,759,2705
478,923,2873,759,2705
479,934,2861,770,2693
480,934,2861,770,2693
481,934,2861,770,2693
482,958,2845,794,2677
483,958,2845,794,2677
484,977,2845,813,2677
485,977,2845,813,2677
486,977,2845,813,2677
487,989,2830,825,2662
488,1001,2831,837,2663
489,1001,2831,837,2663
490,1018,2821,854,2653
491,1018,2821,854,2653
492,1033,2821,869,2653
493,1033,2821,869,2653
494,1049,2821,885,2653
495,1049,2821,885,2653
496,1049,2821,885,2653
497,1049,2821,885,2653
498,1049,2810,885,2642
499,1049,2810,885,2642
500,1063,2810,899,2642
501,1063,2810,899,2642
502,1063,2810,899,2642
503,1062,2799,898,2631
504,1062,2799,898,2631
505,1068,2798,904,2630
506,1068,2798,904,2630
507,1082,2798,918,2630
508,1082,2798,918,2630
509,1082,2798,918,2630
510,1082,2798,918,2630
511,1082,2798,918,2630
512,1082,2798,918,2630
513,1082,2798,918,2630
514,1082,2798,918,2630
515,1082,2765,918,2597
516,1082,2765,918,2597
517,1082,2765,918,2597
518,1082,2765,918,2597
519,1082,2765,918,2597
520,1082,2765,918,2597
521,1082,2748,918,2572
522,1089,2748,925,2572
523,1089,2748,925,2572
524,1089,2748,925,2572
525,1089,2748,925,2572
526,1089,2748,925,2572
527,1089,2748,925,2572
528,1089,2748,925,2572
529,1089,2748,925,2572
530,1089,2748,925,2572
531,1089,2748,925,2572
532,1089,2748,925,2572
533,1089,2748,925,2572
534,1089,2748,925,2572
535,1089,2748,925,2572
536,1089,2748,925,2572
537,1089,2748,925,2572
538,1071,2773,907,2585
539,1071,2773,907,2585
540,1071,2773,907,2585
541,1071,2773,907,2585
542,1071,2773,907,2585
543,1071,2773,907,2585
544,1071,2773,907,2585
545,1071,2773,907,2585
546,1071,2773,907,2585
547,1071,2773,907,2585
548,1063,2773,899,2585
549,1063,2773,899,2585
550,1063,2773,899,2585
551,1063,2773,899,2585
552,1063,2773,899,2585
553,1063,2773,899,2585
554,1063,2773,899,2585
555,1063,2773,899,2585
556,1063,2773,899,2585
557,1063,2773,899,2585
558,1063,2773,899,2585
559,1063,2773,899,2585
560,1063,2773,899,2585
561,1063,2773,899,2585
562,1063,2773,899,2585
563,1063,2773,899,2585
564,1063,2773,899,2585
565,1063,2773,899,2585
566,1063,2773,899,2585
567,1063,2773,899,2585
568,1063,2773,899,2585
569,1063,2773,899,2585
570,1063,2773,899,2585
571,1063,2773,899,2585
572,1063,2773,899,2585
573,1063,2773,899,2585
574,1063,2773,899,2585
575,1063,2773,899,2585
576,1063,2773,899,2585
577,1063,2773,899,2585
578,1063,2773,899,2585
579,1063,2773,899,2585
580,1063,2773,899,2585
581,1063,2773,899,2585
582,1063,2773,899,2585
583,1063,2773,899,2585
584,1063,2773,899,2585
585,1063,2773,899,2585
586,1063,2773,899,2585
587,1063,2773,899,2585
588,1063,2773,899,2585
589,1063,2773,899,2585
590,1063,2773,899,2585
591,1063,2773,899,2585
592,1063,2773,899,2585
593,1063,2773,899,2585
594,1063,2773,899,2585
595,1063,2773,899,2585
596,1063,2773,899,2585
597,1063,2773,899,2585
598,1063,2773,899,2585
599,1063,2773,899,2585
600,1063,2773,899,2585
601,1063,2773,899,2585
602,1063,2773,899,2585
603,1063,2773,899,2585
604,1063,2773,899,2585
605,1063,2773,899,2585
606,1063,2773,899,2585
607,1063,2773,899,2585
608,1063,2773,899,2585
609,1063,2773,899,2585
610,1063,2773,899,2585
611,1063,2773,899,2585
612,1063,2773,899,2585
613,1063,2773,899,2585
614,1063,2773,899,2585
615,1063,2773,899,2585
616,1063,2773,899,2585
617,1063,2773,899,2585
618,1063,2773,899,2585
619,1063,2773,899,2585
620,1063,2773,899,2585
621,1063,2773,899,2585
622,1063,2773,899,2585
623,1063,2773,899,2585
624,1063,2773,899,2585
625,1063,2773,899,2585
626,1063,2773,899,2585
627,1063,2773,899,2585
628,1063,2773,899,2585
629,1063,2773,899,2585
630,1063,2773,899,2585
631,1063,2773,899,2585
632,1063,2773,899,2585
633,1063,2773,899,2585
634,1063,2773,899,2585
635,1063,2773,899,2585
636,1063,2773,899,2585
637,1063,2773,899,2585
638,1063,2773,899,2585
639,1063,2773,899,2585
640,1063,2773,899,2585
641,1063,2773,899,2585
642,1063,2773,899,2585
643,1063,2773,899,2585
644,1063,2773,899,2585
645,1063,2773,899,2585
646,1063,2773,899,2585
647,1063,2773,899,2585
648,1063,2773,899,2585
649,1063,2773,899,2585
650,1063,2773,899,2585
651,1063,2773,899,2585
652,1063,2773,899,2585
653,1063,2773,899,2585
654,1063,2773,899,2585
655,1063,2773,899,2585
656,1063,2773,899,2585
657,1063,2773,899,2585
658,1063,2773,899,2585
659,1063,2773,899,2585
660,1063,2773,899,2585
661,1063,2773,899,2585
662,1063,2773,899,2585
663,1063,2773,899,2585
664,1063,2773,899,2585
665,1063,2773,899,2585
666,1063,2773,899,2585
667,1063,2773,899,2585
668,1063,2773,899,2585
669,1063,2773,899,2585
670,1063,2773,899,2585
671,1063,2773,899,2585
672,1063,2773,899,2585
673,1063,2773,899,2585
674,1063,2773,899,2585
675,1063,2773,899,2585
676,1063,2773,899,2585
677,1063,2773,899,2585
678,1063,2773,899,2585
679,1063,2773,899,2585
680,1063,2773,899,2585
681,1063,2773,899,2585
682,1063,2773,899,2585
683,1063,2773,899,2585
684,1063,2773,899,2585
685,1063,2773,899,2585
686,1063,2773,899,2585
687,1063,2773,899,2585
688,1063,2773,899,2585
689,1063,2773,899,2585
690,1063,2773,899,2585
691,1063,2773,899,2585
692,1063,2773,899,2585
693,1063,2773,899,2585
694,1063,2773,899,2585
695,1063,2773,899,2585
696,1063,2773,899,2585
697,1063,2773,899,2585
698,1063,2773,899,2585
699,1063,2773,899,2585
700,1063,2773,899,2585
701,1063,2773,899,2585
702,1063,2773,899,2585
703,1063,2773,899,2585
704,1070,2773,906,2585
705,1071,2773,907,2585
706,1071,2773,907,2585
707,1071,2773,907,2585
708,1071,2773,907,2585
709,1071,2773,907,2585
710,1071,2773,907,2585
711,1071,2773,907,2585
712,1071,2773,907,2585
713,1071,2773,907,2585
714,1071,2773,907,2585
715,1071,2773,907,2585
716,1071,2773,907,2585
717,1071,2773,907,2585
718,1071,2773,907,2585
719,1071,2773,907,2585
720,1071,2773,907,2585
721,1071,2773,907,2585
722,1071,2773,907,2585
723,1071,2773,907,2585
724,1071,2773,907,2585
725,1071,2773,907,2585
726,1071,2773,907,2585
727,1071,2773,907,2585
728,1071,2773,907,2585
729,1071,2773,907,2585
730,1071,2773,907,2585
731,1071,2773,907,2585
732,1071,2773,907,2585
733,1071,2773,907,2585
734,1071,2773,907,2585
735,1071,2773,907,2585
736,1071,2773,907,2585
737,1071,2773,907,2585
738,1071,2773,907,2585
739,1071,2773,907,2585
740,1071,2773,907,2585
741,1071,2773,907,2585
742,1071,2773,907,2585
743,1071,2773,907,2585
744,1071,2773,907,2585
745,1071,2773,907,2585
746,1071,2773,907,2585
747,1071,2773,907,2585
748,1071,2773,907,2585
749,1071,2773,907,2585
750,1071,2773,907,2585
751,1071,2773,907,2585
752,1071,2773,907,2585
753,1071,2773,907,2585
754,1071,2773,907,2585
755,1071,2773,907,2585
756,1071,2773,907,2585
757,1071,2773,907,2585
758,1071,2773,907,2585
759,1071,2773,907,2585
760,1071,2773,907,2585
761,1071,2773,907,2585
762,1071,2773,907,2585
763,1071,2773,907,2585
764,1071,2773,907,2585
765,1071,2773,907,2585
766,1071,2773,907,2585
767,1071,2773,907,2585
768,1071,2773,907,2585
769,1071,2773,907,2585
770,1071,2773,907,2585
771,1071,2773,907,2585
772,1071,2773,907,2585
773,1071,2773,907,2585
774,1071,2773,907,2585
775,1071,2773,907,2585
776,1071,2773,907,2585
777,1071,2773,907,2585
778,1071,2773,907,2585
779,1071,2773,907,2585
780,1071,2773,907,2585
781,1071,2773,907,2585
782,1071,2773,907,2585
783,1071,2773,907,2585
784,1071,2773,907,2585
785,1071,2773,907,2585
786,1071,2773,907,2585
787,1071,2773,907,2585
788,1071,2773,907,2585
789,1071,2773,907,2585
790,1071,2773,907,2585
791,1071,2773,907,2585
792,1071,2773,907,2585
793,1071,2773,907,2585
794,1071,2773,907,2585
795,1071,2773,907,2585
796,1071,2773,907,2585
797,1071,2773,907,2585
798,1071,2773,907,2585
799,1071,2773,907,2585
800,1071,2773,907,2585
801,1071,2773,907,2585
802,1071,2773,907,2585
803,1071,2773,907,2585
804,1071,2773,907,2585
805,1071,2773,907,2585
806,1071,2773,907,2585
807,1071,2773,907,2585
808,1071,2773,907,2585
809,1071,2773,907,2585
810,1071,2773,907,2585
811,1071,2773,907,2585
812,1071,2773,907,2585
813,1071,2773,907,2585
814,1071,2773,907,2585
815,1071,2773,907,2585
816,1071,2773,907,2585
817,1071,2773,907,2585
818,1071,2773,907,2585
819,1071,2773,907,2585
820,1071,2773,907,2585
821,1071,2773,907,2585
822,1071,2773,907,2585
823,1071,2773,907,2585
824,1071,2773,907,2585
825,1071,2739,907,2551
826,1071,2739,907,2551
827,1071,2738,907,2550
828,1071,2738,907,2550
829,1071,2738,907,2550
830,1071,2738,907,2550
831,1071,2738,907,2550
832,1071,2738,907,2550
833,1071,2738,907,2550
834,1071,2738,907,2550
835,1071,2738,907,2550
836,1054,2754,890,2566
837,1054,2754,890,2566
838,1054,2754,890,2566
839,1054,2754,890,2566
840,1054,2754,890,2566
841,1054,2775,890,2587
842,1054,2775,890,2587
843,1054,2775,890,2587
844,1054,2775,890,2587
845,1054,2775,890,2587
846,1064,2775,900,2587
847,1064,2775,900,2587
848,1064,2775,900,2587
849,1064,2775,900,2587
850,1064,2775,900,2587
851,1064,2775,900,2587
852,1112,2791,948,2603
853,1112,2791,948,2603
854,1134,2791,970,2603
855,1134,2791,970,2603
856,1134,2791,970,2603
857,1151,2812,987,2624
858,1151,2812,987,2624
859,1151,2812,987,2624
860,1173,2831,1009,2643
861,1173,2831,1009,2643
862,1191,2850,1027,2662
863,1191,2850,1027,2662
864,1191,2850,1027,2662
865,1212,2850,1048,2662
866,1212,2850,1048,2662
867,1245,2850,1081,2662
868,1245,2850,1081,2662
869,1274,2850,1110,2662
870,1274,2850,1110,2662
871,1296,2850,1132,2662
872,1296,2850,1132,2662
873,1296,2850,1132,2662
874,1296,2850,1132,2662
875,1296,2850,1132,2662
876,1325,2850,1161,2662
877,1325,2850,1161,2662
878,1325,2850,1161,2662
879,1325,2850,1161,2662
880,1325,2850,1161,2662
881,0,0,0,0
882,0,0,0,0
883,0,0,0,0
884,0,0,0,0
885,0,0,0,0
886,0,0,0,0
887,0,0,0,0
888,0,0,0,0
889,0,0,0,0
890,0,0,0,0
891,0,0,0,0
892,0,0,0,0
893,0,0,0,0
894,0,0,0,0
895,0,0,0,0
896,0,0,0,0
897,0,0,0,0
898,0,0,0,0
899,0,0,0,0
900,0,0,0,0
901,0,0,0,0
902,0,0,0,0
903,0,0,0,0
904,0,0,0,0
905,0,0,0,0
906,0,0,0,0
907,0,0,0,0
908,0,0,0,0
909,0,0,0,0
910,0,0,0,0
911,0,0,0,0
912,0,0,0,0
913,0,0,0,0
914,0,0,0,0
915,0,0,0,0
916,0,0,0,0
917,0,0,0,0
918,0,0,0,0
919,0,0,0,0
920,0,0,0,0
921,0,0,0,0
922,0,0,0,0
923,0,0,0,0
924,0,0,0,0
925,0,0,0,0
926,0,0,0,0
927,1319,2279,1141,2127
928,1313,2279,1135,2127
929,1313,2254,1135,2126
930,1304,2240,1126,2112
931,1288,2230,1110,2102
932,1273,2230,1095,2102
933,1269,2238,1091,2094
934,1252,2232,1074,2088
935,1243,2217,1065,2073
936,1243,2217,1065,2073
937,1232,2217,1054,2073
938,1232,2188,1054,2044
939,1231,2188,1053,2044
940,1231,2188,1053,2044
941,1231,2188,1053,2044
942,1218,2164,1040,2020
943,1218,2164,1040,2020
944,1217,2164,1039,2020
945,1217,2164,1039,2020
946,1217,2164,1039,2020
947,1217,2164,1039,2020
948,1216,2146,1038,2002
949,1203,2146,1025,2002
950,1203,2146,1025,2002
951,1203,2146,1025,2002
952,1203,2146,1025,2002
953,1203,2146,1025,2002
954,1203,2146,1025,2002
955,1203,2146,1025,2002
956,1178,2128,1000,2009
957,1178,2128,1000,2009
958,1178,2128,1000,2009
959,1178,2128,1000,2009
960,1178,2128,1000,2009
961,1178,2128,1000,2009
962,1178,2128,1000,2009
963,1178,2128,1000,2009
964,1178,2128,1000,2009
965,1178,2128,1000,2009
966,1178,2128,1000,2009
967,1178,2128,1000,2009
968,1178,2128,1000,2009
969,1178,2128,1000,2009
970,1178,2128,1000,2009
971,1178,2128,1000,2009
972,1178,2128,1000,2009
973,1178,2128,1000,2009
974,1178,2128,1000,2009
975,1178,2128,1000,2009
976,1178,2128,1000,2009
977,1178,2128,1000,2009
978,1178,2128,1000,2009
979,1178,2128,1000,2009
980,1178,2128,1000,2009
981,1178,2128,1000,2009
982,1190,2129,1012,2010
983,1190,2143,1012,2007
984,1190,2143,1012,2007
985,1190,2153,1012,2001
986,1190,2153,1012,2001
987,1190,2180,1012,2028
988,1190,2180,1012,2028
989,1154,2226,1016,2074
990,1140,2239,1002,2087
991,1140,2239,1002,2087
992,1131,2250,993,2098
993,1131,2250,993,2098
994,1116,2281,978,2129
995,1111,2309,973,2157
996,1091,2324,953,2172
997,1075,2334,937,2182
998,1075,2339,937,2187
999,1059,2354,921,2202
1000,1059,2354,921,2202
1001,1030,2378,892,2226
1002,1030,2378,892,2226
1003,1030,2399,892,2247
1004,1030,2399,892,2247
1005,1019,2399,881,2247
1006,1019,2399,881,2247
1007,1019,2399,881,2247
1008,1021,2424,883,2272
1009,1021,2424,883,2272
1010,1037,2424,899,2272
1011,1037,2424,899,2272
1012,1048,2433,910,2281
1013,1048,2433,910,2281
1014,1048,2462,910,2310
1015,1048,2462,910,2310
1016,1048,2466,910,2314
1017,1048,2466,910,2314
1018,1048,2466,910,2314
1019,1048,2466,910,2314
1020,1048,2466,910,2314
1021,1048,2466,910,2314
1022,1048,2466,910,2314
1023,1048,2466,910,2314
1024,1048,2466,910,2314
1025,1048,2466,910,2314
1026,1048,2466,910,2314
1027,1048,2466,910,2314
1028,1048,2466,910,2314
1029,1048,2466,910,2314
1030,1048,2466,910,2314
1031,1048,2466,910,2314
1032,1048,2466,910,2314
1033,952,2467,814,2315
1034,952,2467,814,2315
1035,934,2467,796,2315
1036,934,2467,796,2315
1037,916,2467,778,2315
1038,916,2467,778,2315
1039,897,2467,759,2315
1040,897,2467,759,2315
1041,883,2467,745,2315
1042,883,2467,745,2315
1043,864,2467,726,2315
1044,864,2467,726,2315
1045,843,2467,705,2315
1046,843,2467,705,2315
1047,843,2467,705,2315
1048,824,2467,686,2315
1049,824,2467,686,2315
1050,810,2467,672,2315
1051,810,2467,672,2315
1052,791,2467,653,2315
1053,791,2467,653,2315
1054,767,2467,629,2315
1055,767,2467,629,2315
1056,767,2467,629,2315
1057,756,2474,618,2327
1058,742,2474,604,2327
1059,742,2474,604,2327
1060,729,2474,591,2327
1061,727,2474,589,2327
1062,727,2474,589,2327
1063,713,2474,575,2327
1064,713,2474,575,2327
1065,713,2474,575,2327
1066,695,2481,557,2334
1067,695,2481,557,2334
1068,683,2486,545,2347
1069,669,2486,531,2347
1070,669,2486,531,2347
1071,669,2486,531,2347
1072,653,2486,515,2347
1073,653,2486,515,2347
1074,638,2486,500,2347
1075,638,2486,500,2347
1076,625,2486,487,2347
1077,625,2486,487,2347
1078,625,2486,487,2347
1079,610,2479,472,2340
1080,610,2479,472,2340
1081,597,2479,459,2340
1082,597,2479,459,2340
1083,597,2479,459,2340
1084,585,2469,447,2330
1085,584,2469,446,2330
1086,584,2469,446,2330
1087,569,2469,431,2330
1088,569,2469,431,2330
1089,569,2469,431,2330
1090,569,2469,431,2330
1091,569,2469,431,2330
1092,569,2469,431,2330
1093,569,2469,431,2330
1094,569,2469,431,2330
1095,569,2469,431,2330
1096,569,2461,431,2322
1097,569,2461,431,2322
1098,569,2461,431,2322
1099,569,2461,431,2322
1100,569,2461,431,2322
1101,569,2461,431,2322
1102,569,2461,431,2322
1103,569,2461,431,2322
1104,569,2461,431,2322
1105,569,2461,431,2322
1106,569,2461,431,2322
1107,569,2461,431,2322
1108,569,2461,431,2322
1109,569,2461,431,2322
1110,569,2461,431,2322
1111,569,2461,431,2322
1112,569,2461,431,2322
1113,569,2461,431,2322
1114,569,2461,431,2322
1115,569,2461,431,2322
1116,569,2461,431,2322
1117,569,2461,431,2322
1118,569,2461,431,2322
1119,569,2461,431,2322
1120,569,2461,431,2322
1121,569,2461,431,2322
1122,569,2461,431,2322
1123,569,2465,431,2326
1124,569,2465,431,2326
1125,569,2465,431,2326
1126,569,2465,431,2326
1127,569,2465,431,2326
1128,569,2465,431,2326
1129,569,2465,431,2326
1130,569,2465,431,2326
1131,569,2465,431,2326
1132,569,2465,431,2326
1133,569,2465,431,2326
1134,569,2465,431,2326
1135,569,2465,431,2326
1136,569,2465,431,2326
1137,569,2465,431,2326
1138,569,2465,431,2326
1139,569,2465,431,2326
1140,569,2465,431,2326
1141,569,2465,431,2326
1142,569,2465,431,2326
1143,569,2465,431,2326
1144,569,2465,431,2326
1145,569,2465,431,2326
1146,569,2465,431,2326
1147,569,2465,431,2326
1148,569,2465,431,2326
1149,569,2465,431,2326
1150,569,2465,431,2326
1151,569,2465,431,2326
1152,569,2465,431,2326
1153,569,2465,431,2326
1154,569,2465,431,2326
1155,569,2465,431,2326
1156,569,2465,431,2326
1157,569,2465,431,2326
1158,569,2465,431,2326
1159,569,2465,431,2326
1160,569,2465,431,2326
1161,569,2465,431,2326
1162,569,2465,431,2326
1163,569,2465,431,2326
1164,569,2465,431,2326
1165,569,2465,431,2326
1166,569,2465,431,2326
1167,621,2465,483,2326
1168,621,2465,483,2326
1169,621,2465,483,2326
1170,663,2465,525,2326
1171,663,2465,525,2326
1172,693,2502,555,2363
1173,693,2502,555,2363
1174,693,2502,555,2363
1175,711,2529,573,2390
1176,711,2529,573,2390
1177,711,2529,573,2390
1178,731,2524,593,2407
1179,731,2524,593,2407
1180,744,2524,606,2407
1181,744,2524,606,2407
1182,744,2524,606,2407
1183,744,2524,606,2407
1184,744,2524,606,2407
1185,744,2524,606,2407
1186,749,2573,611,2456
1187,749,2573,611,2456
1188,749,2588,611,2445
1189,749,2588,611,2445
1190,762,2606,624,2463
1191,762,2606,624,2463
1192,776,2618,638,2463
1193,776,2618,638,2463
1194,776,2618,638,2463
1195,776,2618,638,2463
1196,782,2626,644,2471
1197,782,2626,644,2471
1198,791,2678,653,2489
1199,791,2693,653,2504
1200,791,2693,653,2504
1201,791,2711,653,2522
1202,791,2711,653,2522
1203,797,2722,659,2533
1204,797,2737,659,2548
1205,797,2737,659,2548
1206,797,2755,659,2566
1207,797,2755,659,2566
1208,797,2755,659,2566
1209,797,2755,659,2566
1210,812,2764,674,2594
1211,812,2764,674,2594
1212,812,2788,674,2618
1213,812,2804,674,2634
1214,812,2815,674,2645
1215,812,2826,674,2656
1216,826,2835,688,2665
1217,826,2847,688,2677
1218,826,2848,688,2678
1219,826,2848,688,2678
1220,826,2849,688,2679
1221,826,2849,688,2679
1222,832,2866,694,2696
1223,832,2877,694,2707
1224,832,2877,694,2707
1225,833,2895,695,2725
1226,833,2895,695,2725
1227,834,2915,696,2745
1228,848,2928,710,2758
1229,848,2942,710,2772
1230,848,2959,710,2789
1231,848,2959,710,2789
1232,848,2959,710,2789
1233,862,2977,724,2807
1234,862,2977,724,2807
1235,862,2990,724,2820
1236,862,2990,724,2820
1237,862,3007,724,2837
1238,862,3007,724,2837
1239,862,3007,724,2837
1240,862,3028,724,2858
1241,862,3028,724,2858
1242,862,3051,724,2881
1243,862,3051,724,2881
1244,878,3065,740,2895
1245,878,3065,740,2895
1246,878,3091,740,2921
1247,878,3091,740,2921
1248,878,3086,740,2935
1249,888,3097,750,2946
1250,888,3097,750,2946
1251,888,3115,750,2964
1252,888,3115,750,2964
1253,888,3128,750,2977
1254,888,3128,750,2977
1255,888,3128,750,2977
1256,904,3143,766,2992
1257,904,3143,766,2992
1258,904,3161,766,3010
1259,904,3161,766,3010
1260,904,3168,766,3017
1261,904,3168,766,3017
1262,915,3167,777,3044
1263,915,3168,777,3045
1264,915,3168,777,3045
1265,915,3192,777,3069
1266,915,3192,777,3069
1267,928,3207,790,3084
1268,928,3207,790,3084
1269,942,3215,804,3092
1270,942,3215,804,3092
1271,942,3235,804,3112
1272,942,3235,804,3112
1273,950,3241,812,3101
1274,950,3241,812,3101
1275,950,3241,812,3101
1276,966,3258,828,3118
1277,966,3258,828,3118
1278,966,3283,828,3143
1279,966,3283,828,3143
1280,966,3283,828,3143
1281,966,3303,828,3163
1282,966,3303,828,3163
1283,966,3303,828,3163
1284,994,3303,856,3163
1285,994,3303,856,3163
1286,994,3316,856,3176
1287,994,3316,856,3176
1288,994,3328,856,3188
1289,994,3328,856,3188
1290,994,3328,856,3188
1291,994,3328,856,3188
1292,994,3344,856,3204
1293,994,3344,856,3204
1294,994,3344,856,3204
1295,994,3344,856,3204
1296,994,3373,856,3233
1297,994,3373,856,3233
1298,994,3388,856,3248
1299,994,3388,856,3248
1300,994,3388,856,3248
1301,994,3403,856,3263
1302,994,3403,856,3263
1303,994,3421,856,3281
1304,994,3421,856,3281
1305,994,3421,856,3281
1306,994,3439,856,3299
1307,994,3439,856,3299
1308,994,3439,856,3299
1309,994,3454,856,3314
1310,994,3454,856,3314
1311,994,3474,856,3334
1312,994,3474,856,3334
1313,994,3474,856,3334
1314,994,3499,856,3359
1315,994,3499,856,3359
1316,994,3499,856,3359
1317,994,3518,856,3378
1318,994,3518,856,3378
1319,994,3538,856,3391
1320,994,3538,856,3391
1321,994,3557,856,3410
1322,994,3557,856,3410
1323,994,3582,856,3435
1324,994,3582,856,3435
1325,994,3582,856,3435
1326,994,3612,856,3465
1327,994,3612,856,3465
1328,994,3612,856,3465
1329,994,3626,856,3479
1330,994,3626,856,3479
1331,994,3640,856,3493
1332,994,3640,856,3493
1333,994,3640,856,3493
1334,994,3670,856,3479
1335,994,3670,856,3479
1336,994,3703,856,3512
1337,994,3703,856,3512
1338,1027,3716,889,3542
1339,1027,3716,889,3542
1340,1027,3735,889,3561
1341,1027,3735,889,3561
1342,1027,3757,889,3583
1343,1027,3757,889,3583
1344,1028,3758,890,3584
1345,1028,3758,890,3584
1346,1043,3758,905,3584
1347,1043,3778,905,3604
1348,1043,3778,905,3604
1349,1043,3778,905,3604
1350,1057,3800,919,3636
1351,1057,3800,919,3636
1352,1057,3817,919,3653
1353,1057,3817,919,3653
1354,1057,3817,919,3653
1355,1065,3822,927,3658
1356,1065,3822,927,3658
1357,1065,3843,927,3679
1358,1065,3843,927,3679
1359,1065,3843,927,3679
1360,1065,3860,927,3677
1361,1065,3860,927,3677
1362,1065,3887,927,3704
1363,1065,3887,927,3704
1364,1065,3880,927,3729
1365,1065,3880,927,3729
1366,1065,3896,927,3745
1367,1065,3896,927,3745
1368,1065,3903,927,3752
1369,1065,3903,927,3752
1370,1065,3903,927,3752
1371,1065,3903,927,3752
1372,0,0,0,0
1373,0,0,0,0
1374,0,0,0,0
1375,0,0,0,0
1376,0,0,0,0
1377,0,0,0,0
1378,0,0,0,0
1379,0,0,0,0
1380,0,0,0,0
1381,0,0,0,0
1382,0,0,0,0
1383,0,0,0,0
1384,0,0,0,0
1385,0,0,0,0
1386,0,0,0,0
1387,0,0,0,0
1388,0,0,0,0
1389,0,0,0,0
1390,0,0,0,0
1391,0,0,0,0
1392,0,0,0,0
1393,0,0,0,0
1394,0,0,0,0
1395,0,0,0,0
1396,0,0,0,0
1397,0,0,0,0
1398,0,0,0,0
1399,0,0,0,0
1400,0,0,0,0
1401,0,0,0,0
1402,0,0,0,0
1403,0,0,0,0
1404,0,0,0,0
1405,0,0,0,0
1406,0,0,0,0
1407,0,0,0,0
1408,0,0,0,0
1409,0,0,0,0
1410,0,0,0,0
1411,0,0,0,0
1412,0,0,0,0
1413,0,0,0,0
1414,0,0,0,0
1415,0,0,0,0
1416,0,0,0,0
1417,0,0,0,0
1418,0,0,0,0
1419,0,0,0,0
1420,0,0,0,0
1421,0,0,0,0
1422,0,0,0,0
1423,0,0,0,0
1424,0,0,0,0
1425,0,0,0,0
1426,0,0,0,0
1427,0,0,0,0
1428,0,0,0,0
1429,0,0,0,0
1430,0,0,0,0
1431,0,0,0,0
1432,0,0,0,0
1433,0,0,0,0
1434,0,0,0,0
1435,0,0,0,0
1436,0,0,0,0
1437,0,0,0,0
1438,0,0,0,0
1439,0,0,0,0
1440,0,0,0,0
1441,0,0,0,0
1442,0,0,0,0
1443,0,0,0,0
1444,0,0,0,0
1445,0,0,0,0
1446,0,0,0,0
1447,0,0,0,0
1448,0,0,0,0
1449,0,0,0,0
1450,0,0,0,0
1451,0,0,0,0
1452,0,0,0,0
1453,0,0,0,0
1454,0,0,0,0
1455,0,0,0,0
1456,0,0,0,0
1457,0,0,0,0
1458,0,0,0,0
1459,0,0,0,0
1460,0,0,0,0
1461,0,0,0,0
1462,0,0,0,0
1463,0,0,0,0
1464,0,0,0,0
1465,0,0,0,0
1466,0,0,0,0
1467,0,0,0,0
1468,0,0,0,0
1469,0,0,0,0
1470,0,0,0,0
1471,0,0,0,0
1472,0,0,0,0
1473,0,0,0,0
1474,0,0,0,0
1475,0,0,0,0
1476,0,0,0,0
1477,0,0,0,0
1478,0,0,0,0
1479,0,0,0,0
1480,0,0,0,0
1481,0,0,0,0
1482,0,0,0,0
1483,0,0,0,0
1484,0,0,0,0
1485,0,0,0,0
1486,0,0,0,0
1487,0,0,0,0
1488,0,0,0,0
1489,0,0,0,0
1490,0,0,0,0
1491,0,0,0,0
1492,0,0,0,0
1493,0,0,0,0
1494,0,0,0,0
1495,0,0,0,0
1496,0,0,0,0
1497,0,0,0,0
1498,0,0,0,0
1499,0,0,0,0
1500,0,0,0,0
1501,0,0,0,0
1502,0,0,0,0
1503,0,0,0,0
1504,0,0,0,0
1505,0,0,0,0
1506,0,0,0,0
1507,0,0,0,0
1508,0,0,0,0
1509,0,0,0,0
1510,0,0,0,0
1511,0,0,0,0
1512,0,0,0,0
1513,0,0,0,0
1514,0,0,0,0
1515,0,0,0,0
1516,0,0,0,0
1517,0,0,0,0
1518,0,0,0,0
1519,0,0,0,0
1520,0,0,0,0
1521,0,0,0,0
1522,0,0,0,0
1523,0,0,0,0
1524,0,0,0,0
1525,0,0,0,0
1526,0,0,0,0
1527,0,0,0,0
1528,0,0,0,0
1529,0,0,0,0
1530,0,0,0,0
1531,0,0,0,0
1532,0,0,0,0
1533,0,0,0,0
1534,0,0,0,0
1535,0,0,0,0
1536,0,0,0,0
1537,0,0,0,0
1538,0,0,0,0
1539,0,0,0,0
1540,0,0,0,0
1541,0,0,0,0
1542,0,0,0,0
1543,0,0,0,0
1544,0,0,0,0
1545,0,0,0,0
1546,0,0,0,0
1547,0,0,0,0
1548,0,0,0,0
1549,0,0,0,0
1550,0,0,0,0
1551,0,0,0,0
1552,0,0,0,0
1553,0,0,0,0
1554,0,0,0,0
1555,0,0,0,0
1556,0,0,0,0
1557,0,0,0,0
1558,0,0,0,0
1559,0,0,0,0
1560,0,0,0,0
1561,0,0,0,0
1562,0,0,0,0
1563,0,0,0,0
1564,0,0,0,0
1565,0,0,0,0
1566,0,0,0,0
1567,0,0,0,0
1568,0,0,0,0
1569,0,0,0,0
1570,0,0,0,0
1571,0,0,0,0
1572,0,0,0,0
1573,0,0,0,0
1574,0,0,0,0
1575,0,0,0,0
1576,0,0,0,0
1577,0,0,0,0
1578,0,0,0,0
1579,0,0,0,0
1580,0,0,0,0
1581,0,0,0,0
1582,0,0,0,0
1583,0,0,0,0
1584,0,0,0,0
1585,0,0,0,0
1586,0,0,0,0
1587,0,0,0,0
1588,0,0,0,0
1589,0,0,0,0
1590,0,0,0,0
1591,0,0,0,0
1592,0,0,0,0
1593,0,0,0,0
1594,0,0,0,0
1595,0,0,0,0
1596,0,0,0,0
1597,0,0,0,0
1598,0,0,0,0
1599,0,0,0,0
1600,0,0,0,0
1601,0,0,0,0
1602,0,0,0,0
1603,0,0,0,0
1604,0,0,0,0
1605,0,0,0,0
1606,0,0,0,0
1607,0,0,0,0
1608,0,0,0,0
1609,0,0,0,0
1610,0,0,0,0
1611,0,0,0,0
1612,0,0,0,0
1613,0,0,0,0
1614,0,0,0,0
1615,0,0,0,0
1616,0,0,0,0
1617,0,0,0,0
1618,0,0,0,0
1619,1054,3847,904,3703
1620,1054,3839,904,3695
1621,1054,3822,904,3678
1622,1065,3822,891,3678
1623,1065,3810,891,3645
1624,1109,3794,891,3607
1625,1109,3760,891,3573
1626,1109,3783,891,3549
1627,1109,3770,891,3536
1628,1109,3770,891,3536
1629,1109,3753,891,3519
1630,1109,3753,891,3519
1631,1109,3676,891,3505
1632,1109,3639,891,3468
1633,1109,3613,891,3442
1634,1109,3607,891,3436
1635,1109,3594,891,3423
1636,1109,3585,891,3414
1637,1109,3585,891,3414
1638,1109,3585,891,3414
1639,1109,3566,891,3395
1640,1109,3566,891,3395
1641,1109,3566,891,3395
1642,1109,3573,891,3355
1643,1109,3573,891,3355
1644,1109,3573,891,3355
1645,1109,3533,891,3315
1646,1109,3533,891,3315
1647,1109,3469,891,3279
1648,1109,3458,891,3268
1649,1109,3458,891,3268
1650,1069,3448,891,3258
1651,1069,3418,891,3228
1652,1069,3392,891,3202
1653,1036,3378,891,3188
1654,1036,3366,891,3176
1655,1036,3366,891,3176
1656,1014,3342,869,3152
1657,1005,3328,860,3138
1658,1005,3314,860,3124
1659,1005,3314,860,3124
1660,1017,3303,841,3113
1661,1017,3284,841,3094
1662,991,3258,815,3094
1663,976,3239,800,3075
1664,976,3239,800,3075
1665,943,3223,767,3059
1666,926,3223,750,3059
1667,926,3203,750,3039
1668,908,3203,732,3039
1669,898,3189,722,3025
1670,898,3189,722,3025
1671,881,3173,705,3009
1672,881,3173,705,3009
1673,860,3152,684,2991
1674,860,3152,684,2991
1675,849,3132,657,2971
1676,830,3119,638,2958
1677,830,3119,638,2958
1678,816,3119,624,2958
1679,816,3114,624,2953
1680,816,3114,624,2953
1681,802,3114,610,2953
1682,802,3114,610,2953
1683,802,3114,610,2953
1684,802,3114,610,2953
1685,802,3114,610,2953
1686,788,3090,596,2929
1687,788,3090,596,2929
1688,788,3090,596,2929
1689,788,3090,596,2929
1690,788,3065,596,2915
1691,798,3064,596,2914
1692,795,3063,612,2913
1693,795,3063,612,2913
1694,795,3031,612,2881
1695,795,3031,612,2881
1696,795,3016,612,2866
1697,795,3016,612,2866
1698,783,3008,600,2858
1699,783,3008,600,2858
1700,783,3006,600,2856
1701,783,3006,600,2856
1702,783,3006,600,2856
1703,783,3006,600,2856
1704,783,3006,600,2856
1705,783,3006,600,2856
1706,783,3006,600,2856
1707,783,3006,600,2856
1708,783,3006,600,2856
1709,783,3006,600,2856
1710,783,3006,600,2856
1711,783,3006,600,2856
1712,783,3006,600,2856
1713,783,3006,600,2856
1714,783,3006,600,2856
1715,783,3006,600,2856
1716,783,3006,600,2856
1717,783,3006,600,2856
1718,783,3006,600,2856
1719,783,3006,600,2856
1720,783,3006,600,2856
1721,783,3006,600,2856
1722,783,3006,600,2856
1723,783,3006,600,2856
1724,783,3006,600,2856
1725,783,3006,600,2856
1726,783,3006,600,2856
1727,783,3006,600,2856
1728,783,3006,600,2856
1729,783,3006,600,2856
1730,783,3006,600,2856
1731,783,3006,600,2856
1732,783,3006,600,2856
1733,783,3006,600,2856
1734,783,3006,600,2856
1735,783,3006,600,2856
1736,783,3006,600,2856
1737,783,3006,600,2856
1738,783,3006,600,2856
1739,783,3006,600,2856
1740,783,3006,600,2856
1741,726,3006,543,2856
1742,726,3006,543,2856
1743,726,3006,543,2856
1744,741,3006,558,2856
1745,741,3006,558,2856
1746,741,3006,558,2856
1747,754,3006,571,2856
1748,754,3006,571,2856
1749,759,2998,576,2848
1750,759,2998,576,2848
1751,759,2990,576,2840
1752,759,2990,576,2840
1753,759,2990,576,2840
1754,759,2990,576,2840
1755,759,2990,576,2840
1756,773,2990,590,2840
1757,773,2990,590,2840
1758,773,2990,590,2840
1759,773,2990,590,2840
1760,773,2990,590,2840
1761,773,2990,590,2840
1762,773,2990,590,2840
1763,773,2990,590,2840
1764,773,2990,590,2840
1765,773,2990,590,2840
1766,773,2990,590,2840
1767,773,2990,590,2840
1768,773,2990,590,2840
1769,773,2990,590,2840
1770,773,2990,590,2840
1771,773,2990,590,2840
1772,773,2990,590,2840
1773,774,2979,591,2829
1774,774,2979,591,2829
1775,774,2979,591,2829
1776,774,2979,591,2829
1777,774,2979,591,2829
1778,774,2979,591,2829
1779,774,2964,591,2814
1780,774,2964,591,2814
1781,774,2964,591,2814
1782,774,2964,591,2814
1783,774,2931,591,2781
1784,774,2931,591,2781
1785,774,2931,591,2781
1786,774,2913,591,2763
1787,774,2913,591,2763
1788,781,2896,598,2746
1789,781,2896,598,2746
1790,781,2879,598,2729
1791,781,2879,598,2729
1792,781,2879,598,2729
1793,781,2856,598,2728
1794,781,2856,598,2728
1795,783,2829,615,2701
1796,783,2829,615,2701
1797,775,2804,607,2676
1798,775,2804,607,2676
1799,775,2774,607,2646
1800,775,2774,607,2646
1801,775,2774,607,2646
1802,775,2749,607,2621
1803,775,2749,607,2621
1804,775,2749,607,2621
1805,775,2749,607,2621
1806,775,2718,607,2590
1807,775,2718,607,2590
1808,775,2718,607,2590
1809,775,2693,607,2565
1810,775,2693,607,2565
1811,775,2693,607,2565
