1,0,0,0,0
2,0,0,0,0
3,0,0,0,0
4,0,0,0,0
5,0,0,0,0
6,0,0,0,0
7,0,0,0,0
8,0,0,0,0
9,0,0,0,0
10,0,0,0,0
11,0,0,0,0
12,0,0,0,0
13,0,0,0,0
14,0,0,0,0
15,0,0,0,0
16,0,0,0,0
17,0,0,0,0
18,0,0,0,0
19,0,0,0,0
20,0,0,0,0
21,0,0,0,0
22,0,0,0,0
23,0,0,0,0
24,0,0,0,0
25,0,0,0,0
26,0,0,0,0
27,0,0,0,0
28,0,0,0,0
29,0,0,0,0
30,0,0,0,0
31,0,0,0,0
32,0,0,0,0
33,0,0,0,0
34,0,0,0,0
35,0,0,0,0
36,0,0,0,0
37,0,0,0,0
38,0,0,0,0
39,0,0,0,0
40,0,0,0,0
41,0,0,0,0
42,0,0,0,0
43,0,0,0,0
44,0,0,0,0
45,0,0,0,0
46,0,0,0,0
47,0,0,0,0
48,0,0,0,0
49,0,0,0,0
50,0,0,0,0
51,0,0,0,0
52,0,0,0,0
53,0,0,0,0
54,0,0,0,0
55,0,0,0,0
56,0,0,0,0
57,0,0,0,0
58,0,0,0,0
59,0,0,0,0
60,0,0,0,0
61,0,0,0,0
62,0,0,0,0
63,0,0,0,0
64,0,0,0,0
65,0,0,0,0
66,0,0,0,0
67,0,0,0,0
68,0,0,0,0
69,0,0,0,0
70,0,0,0,0
71,0,0,0,0
72,0,0,0,0
73,0,0,0,0
74,0,0,0,0
75,0,0,0,0
76,0,0,0,0
77,0,0,0,0
78,0,0,0,0
79,0,0,0,0
80,0,0,0,0
81,0,0,0,0
82,0,0,0,0
83,0,0,0,0
84,0,0,0,0
85,0,0,0,0
86,0,0,0,0
87,0,0,0,0
88,0,0,0,0
89,0,0,0,0
90,0,0,0,0
91,0,0,0,0
92,0,0,0,0
93,0,0,0,0
94,0,0,0,0
95,0,0,0,0
96,0,0,0,0
97,0,0,0,0
98,0,0,0,0
99,0,0,0,0
100,0,0,0,0
101,0,0,0,0
102,0,0,0,0
103,0,0,0,0
104,0,0,0,0
105,0,0,0,0
106,0,0,0,0
107,0,0,0,0
108,0,0,0,0
109,0,0,0,0
110,0,0,0,0
111,0,0,0,0
112,0,0,0,0
113,0,0,0,0
114,0,0,0,0
115,0,0,0,0
116,0,0,0,0
117,0,0,0,0
118,0,0,0,0
119,0,0,0,0
120,0,0,0,0
121,0,0,0,0
122,0,0,0,0
123,0,0,0,0
124,0,0,0,0
125,0,0,0,0
126,0,0,0,0
127,0,0,0,0
128,0,0,0,0
129,0,0,0,0
130,0,0,0,0
131,0,0,0,0
132,0,0,0,0
133,0,0,0,0
134,0,0,0,0
135,210,2161,5,1881
136,210,2161,5,1881
137,210,2161,5,1881
138,210,2161,5,1881
139,210,2161,5,1881
140,224,2162,19,1882
141,224,2162,19,1882
142,224,2162,19,1882
143,224,2162,19,1882
144,224,2162,19,1882
145,224,2162,19,1882
146,224,2162,19,1882
147,270,2162,65,1882
148,270,2162,65,1882
149,270,2162,65,1882
150,321,2162,116,1882
151,321,2162,116,1882
152,321,2162,116,1882
153,384,2162,124,1882
154,384,2162,124,1882
155,390,2184,130,1889
156,390,2184,130,1889
157,415,2202,155,1907
158,415,2202,155,1907
159,415,2202,155,1907
160,434,2240,174,1945
161,434,2240,174,1945
162,434,2240,174,1945
163,452,2267,192,1972
164,452,2267,192,1972
165,452,2267,192,1972
166,452,2267,192,1972
167,478,2285,218,2027
168,478,2285,218,2027
169,478,2285,218,2027
170,478,2285,218,2027
171,530,2305,285,2047
172,530,2305,285,2047
173,530,2305,285,2047
174,530,2305,285,2047
175,530,2305,285,2047
176,530,2388,285,2130
177,530,2388,285,2130
178,530,2388,285,2130
179,530,2388,285,2130
180,530,2388,285,2130
181,530,2388,285,2130
182,530,2388,285,2130
183,530,2388,285,2130
184,554,2442,309,2184
185,554,2442,309,2184
186,554,2442,309,2184
187,554,2442,309,2184
188,554,2442,309,2184
189,554,2442,309,2184
190,554,2442,309,2184
191,554,2442,309,2184
192,554,2442,309,2184
193,554,2442,309,2184
194,595,2460,350,2202
195,595,2460,350,2202
196,595,2460,350,2202
197,595,2460,350,2202
198,595,2460,350,2202
199,595,2460,350,2202
200,595,2460,350,2202
201,595,2460,350,2202
202,595,2460,350,2202
203,595,2460,350,2202
204,595,2460,350,2202
205,595,2460,350,2202
206,595,2460,350,2202
207,595,2460,350,2202
208,595,2460,350,2202
209,595,2460,350,2202
210,595,2460,350,2202
211,595,2460,350,2202
212,595,2460,350,2202
213,595,2460,350,2202
214,595,2460,350,2202
215,595,2460,350,2202
216,595,2460,350,2202
217,595,2460,350,2202
218,595,2460,350,2202
219,595,2460,350,2202
220,595,2460,350,2202
221,595,2460,350,2202
222,595,2460,350,2202
223,595,2460,350,2202
224,595,2460,350,2202
225,595,2460,350,2202
226,595,2460,350,2202
227,595,2460,350,2202
228,595,2460,350,2202
229,595,2460,350,2202
230,595,2460,350,2202
231,595,2460,350,2202
232,595,2460,350,2202
233,595,2460,350,2202
234,595,2460,350,2202
235,595,2460,350,2202
236,595,2460,350,2202
237,595,2460,350,2202
238,595,2460,350,2202
239,595,2460,350,2202
240,595,2460,350,2202
241,595,2460,350,2202
242,595,2460,350,2202
243,595,2460,350,2202
244,595,2460,350,2202
245,595,2460,350,2202
246,595,2460,350,2202
247,595,2460,350,2202
248,595,2460,350,2202
249,595,2460,350,2202
250,595,2460,350,2202
251,595,2460,350,2202
252,595,2460,350,2202
253,522,2460,277,2202
254,522,2460,277,2202
255,522,2460,277,2202
256,522,2460,277,2202
257,522,2460,277,2202
258,522,2460,277,2202
259,522,2460,277,2202
260,522,2460,277,2202
261,522,2460,277,2202
262,522,2484,277,2226
263,522,2484,277,2226
264,522,2484,277,2226
265,522,2484,277,2226
266,522,2484,277,2226
267,522,2484,277,2226
268,522,2484,277,2226
269,522,2484,277,2226
270,522,2484,277,2226
271,522,2484,277,2226
272,522,2484,277,2226
273,469,2484,224,2226
274,469,2484,224,2226
275,469,2484,224,2226
276,469,2484,224,2226
277,469,2484,224,2226
278,469,2484,224,2226
279,469,2484,224,2226
280,469,2484,224,2226
281,469,2484,224,2226
282,469,2484,224,2226
283,469,2484,224,2226
284,469,2484,224,2226
285,469,2484,224,2226
286,406,2484,161,2226
287,406,2484,161,2226
288,406,2484,161,2226
289,406,2484,161,2226
290,406,2484,161,2226
291,406,2484,161,2226
292,406,2484,161,2226
293,406,2484,161,2226
294,406,2484,161,2226
295,406,2484,161,2226
296,406,2484,161,2226
297,363,2514,118,2256
298,363,2514,118,2256
299,363,2514,118,2256
300,363,2514,118,2256
301,363,2514,118,2256
302,363,2514,118,2256
303,363,2514,118,2256
304,363,2514,118,2256
305,363,2514,118,2256
306,363,2514,118,2256
307,363,2514,118,2256
308,363,2514,118,2256
309,363,2514,118,2256
310,320,2581,75,2323
311,320,2581,75,2323
312,320,2581,75,2323
313,320,2581,75,2323
314,320,2581,75,2323
315,320,2581,75,2323
316,320,2581,75,2323
317,320,2581,75,2323
318,265,2581,20,2323
319,265,2581,20,2323
320,265,2581,20,2323
321,265,2581,20,2323
322,265,2581,20,2323
323,265,2581,20,2323
324,265,2581,20,2323
325,265,2581,20,2323
326,265,2581,20,2323
327,265,2581,20,2323
328,265,2581,20,2323
329,265,2581,20,2323
330,265,2581,20,2323
331,265,2581,20,2323
332,265,2581,20,2323
333,265,2581,20,2323
334,265,2581,20,2323
335,265,2581,20,2323
336,265,2581,20,2323
337,265,2581,20,2323
338,265,2581,20,2323
339,265,2581,20,2323
340,265,2581,20,2323
341,265,2581,20,2323
342,265,2581,20,2323
343,265,2581,20,2323
344,265,2581,20,2323
345,265,2581,20,2323
346,265,2581,20,2323
347,265,2581,20,2323
348,265,2581,20,2323
349,265,2581,20,2323
350,265,2581,20,2323
351,265,2581,20,2323
352,265,2581,20,2323
353,265,2581,20,2323
354,265,2581,20,2323
355,265,2581,20,2323
356,265,2581,20,2323
357,265,2581,20,2323
358,265,2581,20,2323
359,265,2581,20,2323
360,265,2581,20,2323
361,265,2581,20,2323
362,265,2581,20,2323
363,265,2581,20,2323
364,0,0,0,0
365,0,0,0,0
366,0,0,0,0
367,0,0,0,0
368,0,0,0,0
369,0,0,0,0
370,0,0,0,0
371,0,0,0,0
372,0,0,0,0
373,0,0,0,0
374,0,0,0,0
375,0,0,0,0
376,0,0,0,0
377,0,0,0,0
378,0,0,0,0
379,0,0,0,0
380,0,0,0,0
381,0,0,0,0
382,0,0,0,0
383,0,0,0,0
384,0,0,0,0
385,0,0,0,0
386,0,0,0,0
387,0,0,0,0
388,0,0,0,0
389,0,0,0,0
390,0,0,0,0
391,0,0,0,0
392,0,0,0,0
393,0,0,0,0
394,0,0,0,0
395,0,0,0,0
396,0,0,0,0
397,0,0,0,0
398,0,0,0,0
399,0,0,0,0
400,0,0,0,0
401,0,0,0,0
402,0,0,0,0
403,0,0,0,0
404,0,0,0,0
405,0,0,0,0
406,0,0,0,0
407,0,0,0,0
408,0,0,0,0
409,0,0,0,0
410,0,0,0,0
411,0,0,0,0
412,0,0,0,0
413,0,0,0,0
414,0,0,0,0
415,0,0,0,0
416,0,0,0,0
417,0,0,0,0
418,0,0,0,0
419,0,0,0,0
420,0,0,0,0
421,0,0,0,0
422,0,0,0,0
423,0,0,0,0
424,0,0,0,0
425,0,0,0,0
426,0,0,0,0
427,0,0,0,0
428,0,0,0,0
429,0,0,0,0
430,0,0,0,0
431,0,0,0,0
432,0,0,0,0
433,0,0,0,0
434,0,0,0,0
435,0,0,0,0
436,0,0,0,0
437,0,0,0,0
438,0,0,0,0
439,0,0,0,0
440,0,0,0,0
441,0,0,0,0
442,0,0,0,0
443,0,0,0,0
444,0,0,0,0
445,0,0,0,0
446,0,0,0,0
447,0,0,0,0
448,0,0,0,0
449,0,0,0,0
450,0,0,0,0
451,0,0,0,0
452,0,0,0,0
453,0,0,0,0
454,0,0,0,0
455,0,0,0,0
456,0,0,0,0
457,0,0,0,0
458,0,0,0,0
459,0,0,0,0
460,0,0,0,0
461,0,0,0,0
462,0,0,0,0
463,0,0,0,0
464,0,0,0,0
465,0,0,0,0
466,0,0,0,0
467,0,0,0,0
468,0,0,0,0
469,0,0,0,0
470,0,0,0,0
471,0,0,0,0
472,0,0,0,0
473,0,0,0,0
474,0,0,0,0
475,0,0,0,0
476,0,0,0,0
477,0,0,0,0
478,0,0,0,0
479,0,0,0,0
480,0,0,0,0
481,0,0,0,0
482,0,0,0,0
483,0,0,0,0
484,0,0,0,0
485,0,0,0,0
486,0,0,0,0
487,0,0,0,0
488,0,0,0,0
489,0,0,0,0
490,0,0,0,0
491,0,0,0,0
492,0,0,0,0
493,0,0,0,0
494,0,0,0,0
495,0,0,0,0
496,0,0,0,0
497,0,0,0,0
498,0,0,0,0
499,0,0,0,0
500,0,0,0,0
501,0,0,0,0
502,0,0,0,0
503,0,0,0,0
504,0,0,0,0
505,0,0,0,0
506,0,0,0,0
507,0,0,0,0
508,0,0,0,0
509,0,0,0,0
510,0,0,0,0
511,0,0,0,0
512,0,0,0,0
513,0,0,0,0
514,0,0,0,0
515,0,0,0,0
516,0,0,0,0
517,0,0,0,0
518,0,0,0,0
519,0,0,0,0
520,0,0,0,0
521,0,0,0,0
522,0,0,0,0
523,0,0,0,0
524,0,0,0,0
525,0,0,0,0
526,0,0,0,0
527,0,0,0,0
528,0,0,0,0
529,0,0,0,0
530,0,0,0,0
531,0,0,0,0
532,0,0,0,0
533,0,0,0,0
534,0,0,0,0
535,0,0,0,0
536,0,0,0,0
537,0,0,0,0
538,0,0,0,0
539,0,0,0,0
540,0,0,0,0
541,0,0,0,0
542,0,0,0,0
543,0,0,0,0
544,0,0,0,0
545,0,0,0,0
546,0,0,0,0
547,0,0,0,0
548,0,0,0,0
549,0,0,0,0
550,0,0,0,0
551,0,0,0,0
552,0,0,0,0
553,0,0,0,0
554,0,0,0,0
555,0,0,0,0
556,0,0,0,0
557,0,0,0,0
558,0,0,0,0
559,0,0,0,0
560,0,0,0,0
561,0,0,0,0
562,0,0,0,0
563,0,0,0,0
564,0,0,0,0
565,0,0,0,0
566,0,0,0,0
567,0,0,0,0
568,0,0,0,0
569,0,0,0,0
570,0,0,0,0
571,0,0,0,0
572,0,0,0,0
573,0,0,0,0
574,0,0,0,0
575,0,0,0,0
576,0,0,0,0
577,0,0,0,0
578,0,0,0,0
579,0,0,0,0
580,0,0,0,0
581,0,0,0,0
582,0,0,0,0
583,0,0,0,0
584,0,0,0,0
585,0,0,0,0
586,0,0,0,0
587,0,0,0,0
588,0,0,0,0
589,0,0,0,0
590,0,0,0,0
591,0,0,0,0
592,0,0,0,0
593,0,0,0,0
594,0,0,0,0
595,0,0,0,0
596,0,0,0,0
597,0,0,0,0
598,0,0,0,0
599,0,0,0,0
600,0,0,0,0
601,0,0,0,0
602,0,0,0,0
603,0,0,0,0
604,0,0,0,0
605,0,0,0,0
606,0,0,0,0
607,0,0,0,0
608,0,0,0,0
609,0,0,0,0
610,0,0,0,0
611,0,0,0,0
612,0,0,0,0
613,0,0,0,0
614,0,0,0,0
615,0,0,0,0
616,0,0,0,0
617,0,0,0,0
618,0,0,0,0
619,0,0,0,0
620,0,0,0,0
621,0,0,0,0
622,0,0,0,0
623,0,0,0,0
624,0,0,0,0
625,0,0,0,0
626,0,0,0,0
627,0,0,0,0
628,0,0,0,0
629,0,0,0,0
630,0,0,0,0
631,0,0,0,0
632,0,0,0,0
633,0,0,0,0
634,0,0,0,0
635,0,0,0,0
636,0,0,0,0
637,0,0,0,0
638,0,0,0,0
639,0,0,0,0
640,0,0,0,0
641,0,0,0,0
642,0,0,0,0
643,0,0,0,0
644,0,0,0,0
645,0,0,0,0
646,0,0,0,0
647,0,0,0,0
648,0,0,0,0
649,0,0,0,0
650,0,0,0,0
651,0,0,0,0
652,0,0,0,0
653,0,0,0,0
654,0,0,0,0
655,0,0,0,0
656,0,0,0,0
657,0,0,0,0
658,0,0,0,0
659,0,0,0,0
660,0,0,0,0
661,0,0,0,0
662,0,0,0,0
663,0,0,0,0
664,0,0,0,0
665,0,0,0,0
666,0,0,0,0
667,0,0,0,0
668,0,0,0,0
669,0,0,0,0
670,0,0,0,0
671,0,0,0,0
672,0,0,0,0
673,0,0,0,0
674,0,0,0,0
675,0,0,0,0
676,0,0,0,0
677,0,0,0,0
678,0,0,0,0
679,0,0,0,0
680,0,0,0,0
681,0,0,0,0
682,0,0,0,0
683,0,0,0,0
684,0,0,0,0
685,0,0,0,0
686,0,0,0,0
687,0,0,0,0
688,0,0,0,0
689,0,0,0,0
690,0,0,0,0
691,0,0,0,0
692,0,0,0,0
693,0,0,0,0
694,0,0,0,0
695,0,0,0,0
696,0,0,0,0
697,0,0,0,0
698,0,0,0,0
699,0,0,0,0
700,0,0,0,0
701,0,0,0,0
702,0,0,0,0
703,0,0,0,0
704,0,0,0,0
705,0,0,0,0
706,0,0,0,0
707,0,0,0,0
708,0,0,0,0
709,0,0,0,0
710,0,0,0,0
711,0,0,0,0
712,0,0,0,0
713,0,0,0,0
714,0,0,0,0
715,0,0,0,0
716,0,0,0,0
717,0,0,0,0
718,0,0,0,0
719,0,0,0,0
720,0,0,0,0
721,0,0,0,0
722,0,0,0,0
723,0,0,0,0
724,0,0,0,0
725,0,0,0,0
726,0,0,0,0
727,0,0,0,0
728,0,0,0,0
729,0,0,0,0
730,0,0,0,0
731,0,0,0,0
732,0,0,0,0
733,0,0,0,0
734,0,0,0,0
735,0,0,0,0
736,0,0,0,0
737,0,0,0,0
738,0,0,0,0
739,0,0,0,0
740,0,0,0,0
741,0,0,0,0
742,0,0,0,0
743,0,0,0,0
744,0,0,0,0
745,0,0,0,0
746,0,0,0,0
747,0,0,0,0
748,0,0,0,0
749,0,0,0,0
750,0,0,0,0
751,0,0,0,0
752,0,0,0,0
753,0,0,0,0
754,0,0,0,0
755,0,0,0,0
756,0,0,0,0
757,0,0,0,0
758,0,0,0,0
759,0,0,0,0
760,0,0,0,0
761,0,0,0,0
762,0,0,0,0
763,0,0,0,0
764,0,0,0,0
765,0,0,0,0
766,0,0,0,0
767,0,0,0,0
768,0,0,0,0
769,0,0,0,0
770,0,0,0,0
771,0,0,0,0
772,0,0,0,0
773,0,0,0,0
774,0,0,0,0
775,0,0,0,0
776,0,0,0,0
777,0,0,0,0
778,0,0,0,0
779,0,0,0,0
780,0,0,0,0
781,0,0,0,0
782,0,0,0,0
783,0,0,0,0
784,0,0,0,0
785,0,0,0,0
786,0,0,0,0
787,0,0,0,0
788,0,0,0,0
789,0,0,0,0
790,0,0,0,0
791,0,0,0,0
792,0,0,0,0
793,0,0,0,0
794,0,0,0,0
795,0,0,0,0
796,0,0,0,0
797,0,0,0,0
798,0,0,0,0
799,0,0,0,0
800,0,0,0,0
801,0,0,0,0
802,0,0,0,0
803,0,0,0,0
804,0,0,0,0
805,0,0,0,0
806,0,0,0,0
807,0,0,0,0
808,0,0,0,0
809,0,0,0,0
810,0,0,0,0
811,0,0,0,0
812,0,0,0,0
813,0,0,0,0
814,0,0,0,0
815,0,0,0,0
816,0,0,0,0
817,0,0,0,0
818,0,0,0,0
819,0,0,0,0
820,0,0,0,0
821,0,0,0,0
822,0,0,0,0
823,0,0,0,0
824,0,0,0,0
825,0,0,0,0
826,0,0,0,0
827,0,0,0,0
828,0,0,0,0
829,0,0,0,0
830,0,0,0,0
831,0,0,0,0
832,0,0,0,0
833,0,0,0,0
834,0,0,0,0
835,0,0,0,0
836,0,0,0,0
837,0,0,0,0
838,0,0,0,0
839,0,0,0,0
840,0,0,0,0
841,0,0,0,0
842,0,0,0,0
843,0,0,0,0
844,0,0,0,0
845,0,0,0,0
846,0,0,0,0
847,0,0,0,0
848,0,0,0,0
849,0,0,0,0
850,0,0,0,0
851,0,0,0,0
852,0,0,0,0
853,0,0,0,0
854,0,0,0,0
855,0,0,0,0
856,0,0,0,0
857,0,0,0,0
858,0,0,0,0
859,0,0,0,0
860,0,0,0,0
861,0,0,0,0
862,0,0,0,0
863,0,0,0,0
864,0,0,0,0
865,0,0,0,0
866,0,0,0,0
867,0,0,0,0
868,0,0,0,0
869,0,0,0,0
870,0,0,0,0
871,0,0,0,0
872,0,0,0,0
873,0,0,0,0
874,0,0,0,0
875,0,0,0,0
876,0,0,0,0
877,0,0,0,0
878,0,0,0,0
879,0,0,0,0
880,0,0,0,0
881,0,0,0,0
882,0,0,0,0
883,0,0,0,0
884,0,0,0,0
885,0,0,0,0
886,0,0,0,0
887,0,0,0,0
888,0,0,0,0
889,0,0,0,0
890,0,0,0,0
891,0,0,0,0
892,0,0,0,0
893,0,0,0,0
894,0,0,0,0
895,0,0,0,0
896,0,0,0,0
897,0,0,0,0
898,0,0,0,0
899,0,0,0,0
900,0,0,0,0
901,0,0,0,0
902,0,0,0,0
903,0,0,0,0
904,0,0,0,0
905,0,0,0,0
906,0,0,0,0
907,0,0,0,0
908,0,0,0,0
909,0,0,0,0
910,0,0,0,0
911,0,0,0,0
912,0,0,0,0
913,0,0,0,0
914,0,0,0,0
915,0,0,0,0
916,0,0,0,0
917,0,0,0,0
918,0,0,0,0
919,0,0,0,0
920,0,0,0,0
921,0,0,0,0
922,0,0,0,0
923,0,0,0,0
924,0,0,0,0
925,0,0,0,0
926,0,0,0,0
927,0,0,0,0
928,0,0,0,0
929,0,0,0,0
930,0,0,0,0
931,0,0,0,0
932,0,0,0,0
933,0,0,0,0
934,260,2273,27,1968
935,260,2273,27,1968
936,260,2273,27,1968
937,260,2273,27,1968
938,260,2273,27,1968
939,260,2273,27,1968
940,292,2273,59,1968
941,292,2273,59,1968
942,292,2273,59,1968
943,324,2222,91,1917
944,324,2222,91,1917
945,348,2222,115,1917
946,348,2222,115,1917
947,348,2222,115,1917
948,348,2222,115,1917
949,348,2222,115,1917
950,348,2222,115,1917
951,348,2222,115,1917
952,348,2222,115,1917
953,348,2222,115,1917
954,348,2222,115,1917
955,348,2222,115,1917
956,348,2222,115,1917
957,348,2222,115,1917
958,348,2222,115,1917
959,348,2222,115,1917
960,348,2222,115,1917
961,348,2222,115,1917
962,348,2222,115,1917
963,348,2222,115,1917
964,348,2222,115,1917
965,348,2222,115,1917
966,348,2222,115,1917
967,348,2222,115,1917
968,348,2222,115,1917
969,348,2222,115,1917
970,348,2222,115,1917
971,348,2222,115,1917
972,348,2222,115,1917
973,348,2222,115,1917
974,348,2222,115,1917
975,348,2222,115,1917
976,348,2222,115,1917
977,348,2222,115,1917
978,348,2222,115,1917
979,348,2222,115,1917
980,348,2222,115,1917
981,348,2222,115,1917
982,348,2222,115,1917
983,348,2222,115,1917
984,348,2222,115,1917
985,252,2222,19,1917
986,252,2222,19,1917
987,252,2222,19,1917
988,252,2222,19,1917
989,230,2222,-3,1917
990,230,2222,-3,1917
991,230,2222,-3,1917
992,230,2222,-3,1917
993,213,2222,-20,1917
994,213,2222,-20,1917
995,213,2222,-20,1917
996,213,2222,-20,1917
997,213,2222,-20,1917
998,213,2222,-20,1917
999,213,2222,-20,1917
1000,213,2222,-20,1917
1001,213,2222,-20,1917
1002,213,2222,-20,1917
1003,213,2222,-20,1917
1004,213,2222,-20,1917
1005,213,2222,-20,1917
1006,213,2222,-20,1917
1007,213,2222,-20,1917
1008,213,2222,-20,1917
1009,213,2222,-20,1917
1010,213,2222,-20,1917
1011,213,2222,-20,1917
1012,213,2222,-20,1917
1013,213,2222,-20,1917
1014,213,2222,-20,1917
1015,213,2222,-20,1917
1016,213,2222,-20,1917
1017,213,2222,-20,1917
1018,213,2222,-20,1917
1019,213,2222,-20,1917
1020,213,2222,-20,1917
1021,80,2222,-60,1917
1022,80,2222,-60,1917
1023,80,2222,-60,1917
1024,80,2222,-60,1917
1025,80,2222,-60,1917
1026,0,0,0,0
1027,0,0,0,0
1028,0,0,0,0
1029,0,0,0,0
1030,0,0,0,0
1031,0,0,0,0
1032,0,0,0,0
1033,0,0,0,0
1034,0,0,0,0
1035,0,0,0,0
1036,0,0,0,0
1037,0,0,0,0
1038,0,0,0,0
1039,0,0,0,0
1040,0,0,0,0
1041,0,0,0,0
1042,0,0,0,0
1043,0,0,0,0
1044,0,0,0,0
1045,0,0,0,0
1046,0,0,0,0
1047,0,0,0,0
1048,0,0,0,0
1049,0,0,0,0
1050,0,0,0,0
1051,0,0,0,0
1052,0,0,0,0
1053,0,0,0,0
1054,0,0,0,0
1055,0,0,0,0
1056,0,0,0,0
1057,0,0,0,0
1058,0,0,0,0
1059,0,0,0,0
1060,0,0,0,0
1061,0,0,0,0
1062,0,0,0,0
1063,0,0,0,0
1064,0,0,0,0
1065,0,0,0,0
1066,0,0,0,0
1067,0,0,0,0
1068,0,0,0,0
1069,0,0,0,0
1070,0,0,0,0
1071,0,0,0,0
1072,0,0,0,0
1073,0,0,0,0
1074,0,0,0,0
1075,0,0,0,0
1076,182,2314,-1,2590
1077,182,2314,-1,2590
1078,182,2314,-1,2590
1079,182,2314,-1,2590
1080,182,2314,-1,2590
1081,182,2314,-1,2590
1082,182,2314,-1,2590
1083,182,2314,-1,2590
1084,205,2314,22,2590
1085,205,2314,22,2590
1086,205,2314,22,2590
1087,205,2314,22,2590
1088,205,2314,22,2590
1089,205,2314,22,2590
1090,205,2314,22,2590
1091,205,2314,22,2590
1092,205,2314,22,2590
1093,275,2314,92,2590
1094,275,2314,92,2590
1095,275,2314,92,2590
1096,275,2314,92,2590
1097,275,2314,92,2590
1098,275,2314,92,2590
1099,275,2314,92,2590
1100,275,2314,92,2590
1101,275,2314,92,2590
1102,342,2314,159,2590
1103,342,2314,159,2590
1104,342,2314,159,2590
1105,342,2314,159,2590
1106,342,2314,159,2590
1107,342,2314,159,2590
1108,342,2314,159,2590
1109,342,2314,159,2590
1110,342,2314,159,2590
1111,342,2314,159,2590
1112,413,2314,230,2590
1113,413,2314,230,2590
1114,413,2314,230,2590
1115,413,2314,230,2590
1116,413,2314,230,2590
1117,413,2314,230,2590
1118,413,2314,230,2590
1119,433,2314,250,2590
1120,433,2314,250,2590
1121,433,2314,250,2590
1122,433,2314,250,2590
1123,433,2314,250,2590
1124,433,2314,250,2590
1125,433,2314,250,2590
1126,433,2314,250,2590
1127,433,2314,250,2590
1128,433,2314,250,2590
1129,459,2314,276,2590
1130,459,2314,276,2590
1131,459,2314,276,2590
1132,459,2314,276,2590
1133,459,2314,276,2590
1134,459,2314,276,2590
1135,459,2314,276,2590
1136,459,2314,276,2590
1137,459,2314,276,2590
1138,459,2314,276,2590
1139,459,2314,276,2590
1140,459,2314,276,2590
1141,459,2314,276,2590
1142,459,2314,276,2590
1143,459,2314,276,2590
1144,459,2314,276,2590
1145,459,2314,276,2590
1146,459,2314,276,2590
1147,459,2314,276,2590
1148,459,2314,276,2590
1149,459,2314,276,2590
1150,459,2314,276,2590
1151,459,2314,276,2590
1152,459,2314,276,2590
1153,459,2314,276,2590
1154,459,2314,276,2590
1155,459,2314,276,2590
1156,459,2314,276,2590
1157,459,2314,276,2590
1158,459,2314,276,2590
1159,459,2314,276,2590
1160,459,2314,276,2590
1161,459,2314,276,2590
1162,459,2314,276,2590
1163,459,2314,276,2590
1164,459,2314,276,2590
1165,459,2314,276,2590
1166,459,2314,276,2590
1167,459,2314,276,2590
1168,459,2314,276,2590
1169,459,2314,276,2590
1170,459,2314,276,2590
1171,459,2314,276,2590
1172,459,2314,276,2590
1173,459,2314,276,2590
1174,459,2314,276,2590
1175,459,2314,276,2590
1176,459,2314,276,2590
1177,459,2314,276,2590
1178,459,2314,276,2590
1179,459,2314,276,2590
1180,459,2314,276,2590
1181,459,2314,276,2590
1182,459,2314,276,2590
1183,459,2314,276,2590
1184,459,2175,276,2451
1185,459,2175,276,2451
1186,459,2175,276,2451
1187,459,2175,276,2451
1188,459,2175,276,2451
1189,459,2175,276,2451
1190,459,2175,276,2451
1191,459,2175,276,2451
1192,459,2175,276,2451
1193,459,2175,276,2451
1194,459,2109,276,2385
1195,459,2109,276,2385
1196,459,2109,276,2385
1197,459,2109,276,2385
1198,459,2109,276,2385
1199,459,2109,276,2385
1200,459,2109,276,2385
1201,459,2109,276,2385
1202,459,2109,276,2385
1203,459,2109,276,2385
1204,459,2109,276,2385
1205,488,2085,305,2361
1206,488,2085,305,2361
1207,488,2085,305,2361
1208,488,2085,305,2361
1209,488,2085,305,2361
1210,539,2085,356,2361
1211,539,2085,356,2361
1212,539,2085,356,2361
1213,539,2085,356,2361
1214,539,2085,356,2361
1215,539,2085,356,2361
1216,539,2085,356,2361
1217,539,2085,356,2361
1218,539,2085,356,2361
1219,539,2085,356,2361
1220,539,2085,356,2361
1221,567,2052,384,2328
1222,567,2052,384,2328
1223,567,2052,384,2328
1224,567,2052,384,2328
1225,567,2052,384,2328
1226,567,2052,384,2328
1227,567,2052,384,2328
1228,595,2052,412,2328
1229,595,2052,412,2328
1230,595,2052,412,2328
1231,595,2052,412,2328
1232,595,2052,412,2328
1233,595,2052,412,2328
1234,595,2052,412,2328
1235,595,2052,412,2328
1236,595,2052,412,2328
1237,595,2052,412,2328
1238,595,2052,412,2328
1239,634,1998,451,2274
1240,634,1998,451,2274
1241,634,1998,451,2274
1242,634,1998,451,2274
1243,634,1998,451,2274
1244,634,1998,451,2274
1245,634,1998,451,2274
1246,634,1998,451,2274
1247,634,1998,451,2274
1248,634,1998,451,2274
1249,634,1998,451,2274
1250,634,1998,451,2274
1251,634,1998,451,2274
1252,634,1998,451,2274
1253,634,1998,451,2274
1254,634,1998,451,2274
1255,634,1998,451,2274
1256,634,1998,451,2274
1257,634,1998,451,2274
1258,634,1998,451,2274
1259,634,1998,451,2274
1260,671,2028,488,2304
1261,671,2028,488,2304
1262,671,2028,488,2304
1263,671,2028,488,2304
1264,671,2028,488,2304
1265,671,2028,488,2304
1266,671,2028,488,2304
1267,671,2028,488,2304
1268,671,2028,488,2304
1269,671,2028,488,2304
1270,671,2028,488,2304
1271,671,2028,488,2304
1272,671,2028,488,2304
1273,671,2028,488,2304
1274,671,2028,488,2304
1275,671,2028,488,2304
1276,671,2028,488,2304
1277,671,2028,488,2304
1278,671,2028,488,2304
1279,671,2028,488,2304
1280,671,2028,488,2304
1281,671,2028,488,2304
1282,671,2028,488,2304
1283,671,2028,488,2304
1284,671,2028,488,2304
1285,671,2028,488,2304
1286,671,2028,488,2304
1287,671,2028,488,2304
1288,671,2028,488,2304
1289,671,2028,488,2304
1290,671,2028,488,2304
1291,671,2028,488,2304
1292,671,2028,488,2304
1293,671,2028,488,2304
1294,671,2028,488,2304
1295,671,2028,488,2304
1296,671,2028,488,2304
1297,671,2028,488,2304
1298,671,2028,488,2304
1299,671,2028,488,2304
1300,671,2028,488,2304
1301,671,2028,488,2304
1302,671,2028,488,2304
1303,671,2028,488,2304
1304,671,2028,488,2304
1305,671,2028,488,2304
1306,671,2028,488,2304
1307,671,2028,488,2304
1308,671,2028,488,2304
1309,671,2028,488,2304
1310,671,2028,488,2304
1311,671,2028,488,2304
1312,706,2091,523,2367
1313,706,2091,523,2367
1314,706,2091,523,2367
1315,706,2091,523,2367
1316,706,2091,523,2367
1317,706,2091,523,2367
1318,706,2091,523,2367
1319,706,2091,523,2367
1320,706,2091,523,2367
1321,706,2091,523,2367
1322,706,2091,523,2367
1323,706,2091,523,2367
1324,706,2091,523,2367
1325,706,2091,523,2367
1326,706,2091,523,2367
1327,706,2091,523,2367
1328,706,2091,523,2367
1329,706,2091,523,2367
1330,706,2091,523,2367
1331,706,2091,523,2367
1332,706,2091,523,2367
1333,706,2091,523,2367
1334,706,2091,523,2367
1335,706,2091,523,2367
1336,706,2091,523,2367
1337,706,2091,523,2367
1338,706,2091,523,2367
1339,706,2091,523,2367
1340,706,2091,523,2367
1341,706,2091,523,2367
1342,739,2091,556,2367
1343,739,2091,556,2367
1344,739,2091,556,2367
1345,739,2091,556,2367
1346,739,2091,556,2367
1347,739,2091,556,2367
1348,739,2091,556,2367
1349,739,2091,556,2367
1350,739,2091,556,2367
1351,739,2091,556,2367
1352,739,2091,556,2367
1353,739,2091,556,2367
1354,739,2091,556,2367
1355,739,2091,556,2367
1356,739,2091,556,2367
1357,739,2091,556,2367
1358,739,2091,556,2367
1359,739,2091,556,2367
1360,739,2091,556,2367
1361,739,2091,556,2367
1362,739,2091,556,2367
1363,739,2091,556,2367
1364,739,2091,556,2367
1365,739,2091,556,2367
1366,739,2091,556,2367
1367,739,2091,556,2367
1368,739,2091,556,2367
1369,739,2091,556,2367
1370,739,2091,556,2367
1371,739,2091,556,2367
1372,739,2091,556,2367
1373,739,2091,556,2367
1374,739,2091,556,2367
1375,739,2091,556,2367
1376,739,2091,556,2367
1377,739,2091,556,2367
1378,739,2091,556,2367
1379,739,2091,556,2367
1380,739,2091,556,2367
1381,739,2091,556,2367
1382,739,2091,556,2367
1383,739,2091,556,2367
1384,739,2091,556,2367
1385,739,2091,556,2367
1386,739,2091,556,2367
1387,739,2091,556,2367
1388,739,2091,556,2367
1389,739,2091,556,2367
1390,739,2091,556,2367
1391,739,2091,556,2367
1392,739,2091,556,2367
1393,739,2091,556,2367
1394,739,2091,556,2367
1395,739,2091,556,2367
1396,739,2091,556,2367
1397,739,2091,556,2367
1398,739,2091,556,2367
1399,739,2091,556,2367
1400,739,2091,556,2367
1401,739,2091,556,2367
1402,739,2091,556,2367
1403,739,2091,556,2367
1404,739,2091,556,2367
1405,739,2091,556,2367
1406,739,2091,556,2367
1407,739,2091,556,2367
1408,739,2091,556,2367
1409,739,2091,556,2367
1410,739,2091,556,2367
1411,739,2091,556,2367
1412,739,2091,556,2367
1413,739,2091,556,2367
1414,739,2091,556,2367
1415,739,2091,556,2367
1416,739,2091,556,2367
1417,739,2091,556,2367
1418,739,2091,556,2367
1419,739,2091,556,2367
1420,739,2091,556,2367
1421,739,2091,556,2367
1422,739,2091,556,2367
1423,739,2091,556,2367
1424,739,2091,556,2367
1425,739,2091,556,2367
1426,739,2091,556,2367
1427,739,2091,556,2367
1428,739,2091,556,2367
1429,739,2091,556,2367
1430,739,2091,556,2367
1431,739,2091,556,2367
1432,739,2091,556,2367
1433,739,2091,556,2367
1434,739,2091,556,2367
1435,739,2091,556,2367
1436,739,2091,556,2367
1437,739,2091,556,2367
1438,739,2091,556,2367
1439,739,2091,556,2367
1440,739,2091,556,2367
1441,739,2091,556,2367
1442,739,2091,556,2367
1443,739,2091,556,2367
1444,739,2091,556,2367
1445,739,2091,556,2367
1446,739,2091,556,2367
1447,739,2091,556,2367
1448,739,2091,556,2367
1449,739,2091,556,2367
1450,739,2091,556,2367
1451,739,2091,556,2367
1452,739,2091,556,2367
1453,739,2091,556,2367
1454,739,2091,556,2367
1455,739,2091,556,2367
1456,739,2091,556,2367
1457,739,2091,556,2367
1458,739,2091,556,2367
1459,739,2091,556,2367
1460,739,2091,556,2367
1461,739,2091,556,2367
1462,739,2091,556,2367
1463,739,2091,556,2367
1464,739,2091,556,2367
1465,739,2091,556,2367
1466,739,2091,556,2367
1467,739,2091,556,2367
1468,739,2091,556,2367
1469,739,2091,556,2367
1470,739,2091,556,2367
1471,739,2091,556,2367
1472,739,2091,556,2367
1473,739,2091,556,2367
1474,739,2091,556,2367
1475,739,2091,556,2367
1476,739,2091,556,2367
1477,739,2091,556,2367
1478,739,2091,556,2367
1479,739,2091,556,2367
1480,739,2091,556,2367
1481,739,2091,556,2367
1482,739,2091,556,2367
1483,739,2091,556,2367
1484,739,2091,556,2367
1485,739,2091,556,2367
1486,739,2091,556,2367
1487,739,2091,556,2367
1488,739,2091,556,2367
1489,739,2091,556,2367
1490,739,2091,556,2367
1491,739,2091,556,2367
1492,739,2091,556,2367
1493,739,2091,556,2367
1494,739,2091,556,2367
1495,739,2091,556,2367
1496,739,2091,556,2367
1497,739,2091,556,2367
1498,739,2091,556,2367
1499,739,2091,556,2367
1500,739,2091,556,2367
1501,739,2091,556,2367
1502,739,2091,556,2367
1503,739,2091,556,2367
1504,739,2091,556,2367
1505,739,2091,556,2367
1506,739,2091,556,2367
1507,739,2091,556,2367
1508,739,2091,556,2367
1509,739,2091,556,2367
1510,739,2091,556,2367
1511,739,2091,556,2367
1512,739,2091,556,2367
1513,739,2091,556,2367
1514,739,2091,556,2367
1515,739,2091,556,2367
1516,739,2091,556,2367
1517,739,2091,556,2367
1518,739,2091,556,2367
1519,739,2091,556,2367
1520,739,2091,556,2367
1521,739,2091,556,2367
1522,739,2091,556,2367
1523,739,2091,556,2367
1524,739,2091,556,2367
1525,739,2091,556,2367
1526,739,2091,556,2367
1527,739,2091,556,2367
1528,739,2091,556,2367
1529,739,2091,556,2367
1530,739,2091,556,2367
1531,739,2091,556,2367
1532,739,2091,556,2367
1533,739,2091,556,2367
1534,739,2091,556,2367
1535,739,2091,556,2367
1536,739,2091,556,2367
1537,739,2091,556,2367
1538,739,2091,556,2367
1539,739,2091,556,2367
1540,739,2091,556,2367
1541,739,2091,556,2367
1542,739,2091,556,2367
1543,739,2091,556,2367
1544,739,2091,556,2367
1545,739,2091,556,2367
1546,739,2091,556,2367
1547,739,2091,556,2367
1548,739,2091,556,2367
1549,739,2091,556,2367
1550,739,2091,556,2367
1551,739,2091,556,2367
1552,739,2091,556,2367
1553,739,2091,556,2367
1554,739,2091,556,2367
1555,739,2091,556,2367
1556,739,2091,556,2367
1557,739,2091,556,2367
1558,739,2091,556,2367
1559,739,2091,556,2367
1560,739,2091,556,2367
1561,739,2091,556,2367
1562,739,2091,556,2367
1563,739,2091,556,2367
1564,739,2091,556,2367
1565,739,2091,556,2367
1566,739,2091,556,2367
1567,739,2091,556,2367
1568,739,2091,556,2367
1569,739,2091,556,2367
1570,739,2091,556,2367
1571,739,2091,556,2367
1572,739,2091,556,2367
1573,739,2091,556,2367
1574,739,2091,556,2367
1575,739,2091,556,2367
1576,739,2091,556,2367
1577,739,2091,556,2367
1578,739,2091,556,2367
1579,739,2091,556,2367
1580,739,2091,556,2367
1581,739,2091,556,2367
1582,739,2091,556,2367
1583,739,2091,556,2367
1584,739,2091,556,2367
1585,739,2091,556,2367
1586,739,2091,556,2367
1587,739,2091,556,2367
1588,739,2091,556,2367
1589,739,2091,556,2367
1590,739,2091,556,2367
1591,739,2091,556,2367
1592,739,2091,556,2367
1593,739,2091,556,2367
1594,739,2091,556,2367
1595,739,2091,556,2367
1596,739,2091,556,2367
1597,739,2091,556,2367
1598,739,2091,556,2367
1599,739,2091,556,2367
1600,739,2091,556,2367
1601,739,2091,556,2367
1602,739,2091,556,2367
1603,739,2091,556,2367
1604,739,2091,556,2367
1605,739,2091,556,2367
1606,739,2091,556,2367
1607,739,2091,556,2367
1608,739,2091,556,2367
1609,739,2091,556,2367
1610,739,2091,556,2367
1611,739,2091,556,2367
1612,739,2091,556,2367
1613,739,2091,556,2367
1614,739,2091,556,2367
1615,739,2091,556,2367
1616,739,2091,556,2367
1617,739,2091,556,2367
1618,739,2091,556,2367
1619,739,2091,556,2367
1620,739,2091,556,2367
1621,739,2091,556,2367
1622,739,2091,556,2367
1623,739,2091,556,2367
1624,739,2091,556,2367
1625,739,2091,556,2367
1626,739,2091,556,2367
1627,739,2091,556,2367
1628,739,2091,556,2367
1629,739,2091,556,2367
1630,739,2091,556,2367
1631,739,2091,556,2367
1632,739,2091,556,2367
1633,739,2091,556,2367
1634,739,2091,556,2367
1635,739,2091,556,2367
1636,739,2091,556,2367
1637,739,2091,556,2367
1638,739,2091,556,2367
1639,739,2091,556,2367
1640,739,2091,556,2367
1641,739,2091,556,2367
1642,739,2091,556,2367
1643,739,2091,556,2367
1644,739,2091,556,2367
1645,739,2091,556,2367
1646,739,2091,556,2367
1647,739,2091,556,2367
1648,837,2091,654,2367
1649,837,2091,654,2367
1650,837,2091,654,2367
1651,837,2091,654,2367
1652,837,2091,654,2367
1653,837,2091,654,2367
1654,837,2091,654,2367
1655,837,2091,654,2367
1656,837,2091,654,2367
1657,898,2052,715,2328
1658,898,2052,715,2328
1659,918,2052,735,2328
1660,918,2052,735,2328
1661,918,2052,735,2328
1662,918,2052,735,2328
1663,918,2052,735,2328
1664,933,2009,750,2285
1665,933,2009,750,2285
1666,933,2009,750,2285
1667,933,2009,750,2285
1668,933,2009,750,2285
1669,933,2009,750,2285
1670,1013,2009,830,2285
1671,1013,2009,830,2285
1672,1013,2009,830,2285
1673,1013,2009,830,2285
1674,1013,2009,830,2285
1675,1043,1949,860,2225
1676,1043,1949,860,2225
1677,1043,1949,860,2225
1678,1043,1949,860,2225
1679,1043,1949,860,2225
1680,1043,1949,860,2225
1681,1043,1949,860,2225
1682,1043,1949,860,2225
1683,1043,1949,860,2225
1684,1043,1949,860,2225
1685,1043,1949,860,2225
1686,1073,1949,890,2225
1687,1073,1949,890,2225
1688,1073,1949,890,2225
1689,1073,1949,890,2225
1690,1073,1949,890,2225
1691,1073,1949,890,2225
1692,1073,1949,890,2225
1693,1073,1949,890,2225
1694,1073,1949,890,2225
1695,1073,1949,890,2225
1696,1073,1949,890,2225
1697,1073,1949,890,2225
1698,1073,1949,890,2225
1699,1073,1949,890,2225
1700,1073,1949,890,2225
1701,1073,1949,890,2225
1702,1073,1949,890,2225
1703,1073,1949,890,2225
1704,1073,1949,890,2225
1705,1073,1949,890,2225
1706,1073,1949,890,2225
1707,1073,1949,890,2225
1708,1073,1949,890,2225
1709,1073,1949,890,2225
1710,1073,1949,890,2225
1711,1073,1949,890,2225
1712,1073,1949,890,2225
1713,1073,1949,890,2225
1714,1073,1949,890,2225
1715,1073,1949,890,2225
1716,1073,1949,890,2225
1717,1073,1949,890,2225
1718,1073,1949,890,2225
1719,1073,1949,890,2225
1720,1073,1949,890,2225
1721,1073,1949,890,2225
1722,1073,1949,890,2225
1723,1073,1949,890,2225
1724,1073,1949,890,2225
1725,1073,1949,890,2225
1726,1073,1949,890,2225
1727,1073,1949,890,2225
1728,1073,1949,890,2225
1729,1073,1949,890,2225
1730,1073,1949,890,2225
1731,1073,1949,890,2225
1732,1073,1949,890,2225
1733,1184,1949,1001,2225
1734,1184,1949,1001,2225
1735,1184,1949,1001,2225
1736,1229,1949,1046,2225
1737,1229,1949,1046,2225
1738,1229,1949,1046,2225
1739,1229,1949,1046,2225
1740,1229,1949,1046,2225
1741,1255,1949,1072,2225
1742,1255,1949,1072,2225
1743,1255,1949,1072,2225
1744,1255,1949,1072,2225
1745,1255,1949,1072,2225
1746,1311,1949,1128,2225
1747,1311,1949,1128,2225
1748,1311,1949,1128,2225
1749,1311,1949,1128,2225
1750,1311,1949,1128,2225
1751,1311,1949,1128,2225
1752,1311,1949,1128,2225
1753,1311,1949,1128,2225
1754,1312,1949,1129,2225
1755,1312,1949,1129,2225
1756,1312,1949,1129,2225
1757,1312,1949,1129,2225
1758,1312,1949,1129,2225
1759,1312,1949,1129,2225
1760,1312,1949,1129,2225
1761,1312,1949,1129,2225
1762,1312,1949,1129,2225
1763,1312,1949,1129,2225
1764,1312,1949,1129,2225
1765,1312,1949,1129,2225
1766,1312,1949,1129,2225
1767,1312,1949,1129,2225
1768,1312,1949,1129,2225
1769,1312,1949,1129,2225
1770,1312,1949,1129,2225
1771,1312,1949,1129,2225
1772,1312,1949,1129,2225
1773,1312,1949,1129,2225
1774,1312,1949,1129,2225
1775,1312,1949,1129,2225
1776,1312,1949,1129,2225
1777,1312,1949,1129,2225
1778,1312,1949,1129,2225
1779,1312,1949,1129,2225
1780,1312,1949,1129,2225
1781,1312,1949,1129,2225
1782,1312,1949,1129,2225
1783,1312,1949,1129,2225
1784,1312,1949,1129,2225
1785,1312,1949,1129,2225
1786,1312,1949,1129,2225
1787,1264,2022,1081,2298
1788,1264,2022,1081,2298
1789,1264,2022,1081,2298
1790,1264,2022,1081,2298
1791,1264,2022,1081,2298
1792,1264,2022,1081,2298
1793,1264,2022,1081,2298
1794,1264,2022,1081,2298
1795,1202,2088,1019,2364
1796,1202,2088,1019,2364
1797,1202,2088,1019,2364
1798,1202,2088,1019,2364
1799,1202,2088,1019,2364
1800,1202,2140,1019,2416
1801,1202,2140,1019,2416
1802,1202,2140,1019,2416
1803,1141,2140,958,2416
1804,1141,2140,958,2416
1805,1141,2140,958,2416
1806,1141,2140,958,2416
1807,1141,2140,958,2416
1808,1141,2140,958,2416
1809,1141,2140,958,2416
1810,1141,2140,958,2416
1811,1141,2140,958,2416
