1,335,2783,140,2578
2,335,2783,140,2578
3,335,2783,140,2578
4,335,2783,140,2578
5,335,2783,140,2578
6,335,2783,140,2578
7,335,2783,140,2578
8,335,2783,140,2578
9,335,2783,140,2578
10,335,2783,140,2578
11,335,2783,140,2578
12,335,2783,140,2578
13,335,2783,140,2578
14,335,2783,140,2578
15,335,2783,140,2578
16,312,2783,117,2578
17,313,2783,106,2578
18,313,2783,106,2578
19,313,2783,106,2578
20,313,2783,106,2578
21,313,2783,106,2578
22,313,2783,106,2578
23,313,2783,106,2578
24,313,2783,106,2578
25,313,2783,106,2578
26,313,2783,106,2578
27,313,2783,106,2578
28,313,2783,106,2578
29,313,2783,106,2578
30,313,2783,106,2578
31,313,2783,106,2578
32,313,2783,106,2578
33,313,2783,106,2578
34,349,2766,142,2580
35,349,2766,142,2580
36,349,2766,142,2580
37,358,2766,151,2592
38,358,2766,151,2592
39,358,2766,151,2592
40,358,2766,151,2592
41,358,2780,151,2615
42,358,2780,151,2615
43,358,2791,151,2626
44,358,2791,151,2626
45,358,2806,151,2641
46,358,2806,151,2641
47,358,2832,151,2667
48,358,2853,151,2688
49,358,2853,151,2688
50,358,2872,151,2707
51,358,2872,151,2707
52,358,2878,151,2698
53,358,2878,151,2698
54,358,2891,151,2711
55,358,2906,151,2726
56,358,2906,151,2726
57,358,2919,151,2739
58,358,2919,151,2739
59,358,2944,151,2764
60,358,2944,151,2764
61,358,2964,151,2784
62,381,2981,174,2801
63,381,2981,174,2801
64,395,3006,188,2826
65,395,3006,188,2826
66,395,3018,188,2838
67,395,3018,188,2838
68,395,3019,188,2839
69,395,3019,188,2839
70,395,3019,188,2839
71,395,3019,188,2839
72,395,3019,188,2839
73,395,3019,188,2839
74,395,3019,188,2839
75,395,3019,188,2839
76,395,3019,188,2839
77,395,3019,188,2839
78,395,3019,188,2839
79,395,3019,188,2839
80,395,3019,188,2839
81,395,3019,188,2839
82,395,3019,188,2839
83,395,3019,188,2839
84,418,2941,239,2761
85,418,2919,239,2739
86,414,2914,246,2734
87,414,2907,246,2706
88,414,2885,246,2684
89,414,2885,246,2684
90,414,2856,246,2655
91,414,2849,246,2648
92,414,2834,246,2633
93,414,2819,246,2618
94,414,2794,246,2593
95,414,2779,246,2578
96,414,2762,246,2561
97,414,2750,246,2549
98,364,2740,227,2539
99,364,2727,227,2526
100,364,2712,227,2511
101,364,2683,227,2482
102,364,2670,227,2469
103,364,2670,227,2469
104,364,2651,227,2450
105,364,2631,227,2448
106,364,2599,227,2416
107,359,2568,227,2407
108,359,2568,227,2407
109,359,2516,227,2316
110,359,2495,227,2295
111,359,2495,227,2295
112,359,2435,227,2289
113,359,2427,227,2281
114,357,2427,210,2281
115,357,2410,210,2264
116,357,2390,210,2244
117,362,2379,197,2233
118,362,2360,197,2214
119,364,2359,199,2213
120,350,2347,198,2201
121,350,2340,198,2194
122,350,2323,198,2177
123,350,2316,198,2170
124,350,2316,198,2170
125,350,2299,198,2153
126,350,2299,198,2153
127,350,2292,198,2146
128,350,2292,198,2146
129,350,2292,198,2146
130,350,2292,198,2146
131,350,2277,198,2131
132,350,2277,198,2131
133,350,2277,198,2131
134,350,2277,198,2131
135,350,2277,198,2131
136,350,2277,198,2131
137,350,2277,198,2131
138,350,2277,198,2131
139,350,2277,198,2131
140,350,2277,198,2131
141,350,2277,198,2131
142,350,2277,198,2131
143,350,2277,198,2131
144,350,2277,198,2131
145,333,2282,181,2157
146,333,2282,181,2157
147,333,2282,181,2157
148,333,2282,181,2157
149,333,2282,181,2157
150,333,2282,181,2157
151,333,2282,181,2157
152,333,2282,181,2157
153,333,2282,181,2157
154,333,2282,181,2157
155,333,2282,181,2157
156,333,2282,181,2157
157,333,2282,181,2157
158,333,2282,181,2157
159,333,2282,181,2157
160,333,2282,181,2157
161,333,2282,181,2157
162,333,2282,181,2157
163,333,2282,181,2157
164,333,2282,181,2157
165,333,2282,181,2157
166,333,2282,181,2157
167,333,2282,181,2157
168,333,2282,181,2157
169,333,2282,181,2157
170,333,2282,181,2157
171,333,2282,181,2157
172,333,2282,181,2157
173,333,2282,181,2157
174,333,2282,181,2157
175,333,2282,181,2157
176,333,2282,181,2157
177,333,2282,181,2157
178,333,2282,181,2157
179,368,2338,216,2213
180,368,2338,216,2213
181,373,2338,238,2213
182,392,2338,257,2213
183,392,2338,257,2213
184,392,2338,257,2213
185,406,2338,271,2213
186,406,2338,271,2213
187,406,2338,271,2213
188,425,2338,290,2213
189,425,2338,290,2213
190,425,2338,290,2213
191,452,2338,317,2213
192,452,2338,317,2213
193,452,2338,317,2213
194,452,2338,317,2213
195,469,2338,334,2213
196,469,2338,334,2213
197,469,2338,334,2213
198,469,2338,334,2213
199,469,2338,334,2213
200,480,2351,345,2226
201,480,2351,345,2226
202,496,2351,361,2226
203,496,2351,361,2226
204,496,2351,361,2226
205,496,2351,361,2226
206,496,2351,361,2226
207,519,2362,384,2237
208,519,2362,384,2237
209,519,2362,384,2237
210,519,2362,384,2237
211,519,2362,384,2237
212,519,2362,384,2237
213,519,2362,384,2237
214,519,2362,384,2237
215,519,2362,384,2237
216,542,2376,407,2251
217,542,2376,407,2251
218,542,2376,407,2251
219,542,2376,407,2251
220,542,2376,407,2251
221,542,2376,407,2251
222,542,2376,407,2251
223,542,2376,407,2251
224,542,2376,407,2251
225,542,2376,407,2251
226,542,2376,407,2251
227,542,2376,407,2251
228,542,2376,407,2251
229,542,2376,407,2251
230,542,2376,407,2251
231,542,2376,407,2251
232,542,2376,407,2251
233,542,2376,407,2251
234,542,2376,407,2251
235,542,2376,407,2251
236,542,2376,407,2251
237,542,2376,407,2251
238,542,2376,407,2251
239,542,2376,407,2251
240,542,2376,407,2251
241,542,2376,407,2251
242,542,2376,407,2251
243,542,2376,407,2251
244,542,2376,407,2251
245,542,2376,407,2251
246,542,2376,407,2251
247,542,2376,407,2251
248,542,2376,407,2251
249,542,2376,407,2251
250,542,2376,407,2251
251,542,2376,407,2251
252,542,2376,407,2251
253,522,2376,387,2251
254,522,2376,387,2251
255,496,2376,361,2251
256,496,2376,361,2251
257,496,2376,361,2251
258,496,2376,361,2251
259,496,2376,361,2251
260,496,2376,361,2251
261,496,2376,361,2251
262,496,2376,361,2251
263,471,2376,336,2251
264,471,2376,336,2251
265,471,2376,336,2251
266,471,2376,336,2251
267,471,2376,336,2251
268,444,2376,309,2251
269,444,2376,309,2251
270,444,2376,309,2251
271,444,2376,309,2251
272,444,2376,309,2251
273,408,2376,273,2251
274,408,2376,273,2251
275,390,2376,255,2251
276,390,2376,255,2251
277,390,2376,255,2251
278,390,2376,255,2251
279,390,2376,255,2251
280,371,2390,236,2265
281,371,2390,236,2265
282,371,2390,236,2265
283,348,2390,213,2265
284,335,2393,200,2268
285,335,2393,200,2268
286,335,2393,200,2268
287,335,2393,200,2268
288,335,2393,200,2268
289,335,2393,200,2268
290,316,2412,181,2287
291,316,2412,181,2287
292,316,2412,181,2287
293,316,2412,181,2287
294,288,2423,153,2298
295,288,2423,153,2298
296,288,2423,153,2298
297,271,2436,136,2311
298,271,2436,136,2311
299,271,2436,136,2311
300,272,2457,137,2332
301,272,2457,137,2332
302,272,2457,137,2332
303,272,2457,137,2332
304,251,2457,116,2332
305,251,2479,116,2354
306,251,2479,116,2354
307,251,2479,116,2354
308,251,2479,116,2354
309,251,2512,116,2387
310,251,2512,116,2387
311,251,2512,116,2387
312,251,2512,116,2387
313,251,2512,116,2387
314,226,2539,91,2414
315,226,2539,91,2414
316,226,2539,91,2414
317,226,2539,91,2414
318,226,2539,91,2414
319,226,2539,91,2414
320,199,2582,64,2414
321,199,2593,64,2425
322,199,2593,64,2425
323,199,2593,64,2425
324,183,2610,48,2442
325,183,2610,48,2442
326,183,2656,48,2488
327,183,2656,48,2488
328,183,2656,48,2488
329,183,2656,48,2488
330,183,2656,48,2488
331,183,2656,48,2488
332,183,2656,48,2488
333,183,2656,48,2488
334,183,2656,48,2488
335,183,2656,48,2488
336,183,2656,48,2488
337,161,2680,26,2512
338,161,2680,26,2512
339,161,2680,26,2512
340,161,2680,26,2512
341,161,2680,26,2512
342,161,2680,26,2512
343,161,2680,26,2512
344,161,2680,26,2512
345,161,2680,26,2512
346,161,2680,26,2512
347,161,2680,26,2512
348,161,2680,26,2512
349,161,2680,26,2512
350,161,2680,26,2512
351,161,2680,26,2512
352,161,2680,26,2512
353,161,2680,26,2512
354,161,2680,26,2512
355,161,2680,26,2512
356,161,2680,26,2512
357,161,2680,26,2512
358,132,2768,-3,2600
359,132,2768,-3,2600
360,132,2768,-3,2600
361,132,2768,-3,2600
362,132,2768,-3,2600
363,132,2768,-3,2600
364,132,2768,-3,2600
365,144,2783,9,2615
366,144,2783,9,2615
367,144,2783,9,2615
368,144,2783,9,2615
369,144,2783,9,2615
370,144,2783,9,2615
371,144,2783,9,2615
372,144,2783,9,2615
373,144,2783,9,2615
374,144,2783,9,2615
375,144,2783,9,2615
376,144,2783,9,2615
377,144,2783,9,2615
378,144,2783,9,2615
379,144,2783,9,2615
380,144,2783,9,2615
381,159,2783,24,2615
382,159,2783,24,2615
383,159,2783,24,2615
384,159,2783,24,2615
385,159,2783,24,2615
386,159,2783,24,2615
387,159,2783,24,2615
388,159,2783,24,2615
389,159,2783,24,2615
390,159,2783,24,2615
391,198,2783,54,2615
392,198,2783,54,2615
393,198,2783,54,2615
394,198,2774,54,2606
395,198,2774,54,2606
396,198,2774,54,2606
397,213,2774,69,2606
398,213,2774,69,2606
399,213,2774,69,2606
400,213,2774,69,2606
401,230,2755,69,2587
402,230,2755,69,2587
403,230,2751,69,2583
404,230,2751,69,2583
405,230,2751,69,2583
406,230,2751,69,2583
407,230,2751,69,2583
408,230,2751,69,2583
409,230,2751,69,2583
410,230,2751,69,2583
411,230,2751,69,2583
412,230,2751,69,2583
413,230,2751,69,2583
414,230,2751,69,2583
415,230,2740,69,2552
416,230,2740,69,2552
417,230,2740,69,2552
418,230,2740,69,2552
419,230,2740,69,2552
420,230,2740,69,2552
421,230,2740,69,2552
422,230,2740,69,2552
423,230,2740,69,2552
424,230,2740,69,2552
425,230,2740,69,2552
426,230,2740,69,2552
427,230,2740,69,2552
428,230,2740,69,2552
429,230,2740,69,2552
430,230,2740,69,2552
431,230,2740,69,2552
432,230,2705,69,2517
433,230,2705,69,2517
434,230,2705,69,2517
435,230,2705,69,2517
436,230,2705,69,2517
437,230,2705,69,2517
438,230,2705,69,2517
439,230,2705,69,2517
440,230,2705,69,2517
441,230,2705,69,2517
442,230,2705,69,2517
443,230,2705,69,2517
444,230,2705,69,2517
445,230,2705,69,2517
446,230,2705,69,2517
447,230,2705,69,2517
448,230,2705,69,2517
449,230,2705,69,2517
450,250,2741,83,2568
451,250,2741,83,2568
452,250,2741,83,2568
453,250,2744,83,2571
454,250,2744,83,2571
455,250,2744,83,2571
456,250,2744,83,2571
457,250,2744,83,2571
458,250,2744,83,2571
459,250,2744,83,2571
460,250,2744,83,2571
461,250,2744,83,2571
462,250,2744,83,2571
463,250,2744,83,2571
464,250,2744,83,2571
465,250,2744,83,2571
466,250,2744,83,2571
467,250,2744,83,2571
468,250,2792,83,2619
469,250,2792,83,2619
470,250,2792,83,2619
471,250,2792,83,2619
472,250,2792,83,2619
473,250,2792,83,2619
474,250,2792,83,2619
475,250,2792,83,2619
476,250,2817,83,2644
477,250,2817,83,2644
478,250,2817,83,2644
479,250,2817,83,2644
480,250,2817,83,2644
481,250,2817,83,2644
482,250,2817,83,2644
483,250,2817,83,2644
484,250,2817,83,2644
485,259,2824,92,2651
486,259,2824,92,2651
487,259,2824,92,2651
488,259,2824,92,2651
489,259,2824,92,2651
490,259,2824,92,2651
491,259,2824,92,2651
492,259,2824,92,2651
493,259,2824,92,2651
494,259,2824,92,2651
495,259,2824,92,2651
496,259,2824,92,2651
497,259,2824,92,2651
498,259,2824,92,2651
499,259,2824,92,2651
500,259,2824,92,2651
501,259,2824,92,2651
502,259,2824,92,2651
503,259,2824,92,2651
504,259,2824,92,2651
505,259,2824,92,2651
506,259,2824,92,2651
507,259,2824,92,2651
508,259,2824,92,2651
509,259,2824,92,2651
510,259,2824,92,2651
511,259,2824,92,2651
512,259,2824,92,2651
513,259,2824,92,2651
514,259,2824,92,2651
515,259,2824,92,2651
516,259,2824,92,2651
517,259,2824,92,2651
518,259,2824,92,2651
519,259,2824,92,2651
520,259,2824,92,2651
521,259,2824,92,2651
522,259,2824,92,2651
523,259,2824,92,2651
524,259,2824,92,2651
525,259,2824,92,2651
526,259,2824,92,2651
527,259,2824,92,2651
528,259,2824,92,2651
529,259,2824,92,2651
530,259,2824,92,2651
531,259,2824,92,2651
532,259,2824,92,2651
533,259,2824,92,2651
534,259,2824,92,2651
535,259,2824,92,2651
536,259,2824,92,2651
537,259,2824,92,2651
538,286,2754,119,2581
539,286,2754,119,2581
540,286,2754,119,2581
541,286,2754,119,2581
542,286,2754,119,2581
543,286,2754,119,2581
544,286,2754,119,2581
545,286,2754,119,2581
546,286,2754,119,2581
547,286,2754,119,2581
548,286,2754,119,2581
549,286,2754,119,2581
550,286,2754,119,2581
551,286,2754,119,2581
552,286,2754,119,2581
553,286,2754,119,2581
554,286,2754,119,2581
555,286,2754,119,2581
556,286,2754,119,2581
557,286,2754,119,2581
558,299,2749,132,2557
559,299,2749,132,2557
560,299,2749,132,2557
561,299,2749,132,2557
562,299,2749,132,2557
563,299,2749,132,2557
564,299,2749,132,2557
565,299,2749,132,2557
566,299,2749,132,2557
567,299,2749,132,2557
568,299,2749,132,2557
569,299,2749,132,2557
570,299,2749,132,2557
571,299,2749,132,2557
572,299,2749,132,2557
573,299,2749,132,2557
574,299,2749,132,2557
575,299,2749,132,2557
576,299,2749,132,2557
577,299,2749,132,2557
578,299,2749,132,2557
579,299,2749,132,2557
580,299,2749,132,2557
581,299,2749,132,2557
582,299,2749,132,2557
583,299,2749,132,2557
584,299,2749,132,2557
585,299,2749,132,2557
586,299,2749,132,2557
587,299,2749,132,2557
588,299,2749,132,2557
589,299,2749,132,2557
590,299,2749,132,2557
591,299,2749,132,2557
592,299,2749,132,2557
593,299,2749,132,2557
594,299,2749,132,2557
595,299,2749,132,2557
596,299,2749,132,2557
597,299,2749,132,2557
598,319,2770,152,2578
599,319,2770,152,2578
600,319,2770,152,2578
601,319,2770,152,2578
602,319,2770,152,2578
603,319,2770,152,2578
604,319,2770,152,2578
605,319,2770,152,2578
606,319,2770,152,2578
607,319,2770,152,2578
608,319,2770,152,2578
609,319,2770,152,2578
610,319,2770,152,2578
611,319,2770,152,2578
612,319,2770,152,2578
613,319,2770,152,2578
614,319,2770,152,2578
615,319,2770,152,2578
616,319,2770,152,2578
617,319,2770,152,2578
618,319,2770,152,2578
619,319,2770,152,2578
620,319,2770,152,2578
621,319,2770,152,2578
622,319,2770,152,2578
623,319,2770,152,2578
624,319,2770,152,2578
625,319,2770,152,2578
626,319,2770,152,2578
627,319,2770,152,2578
628,319,2770,152,2578
629,319,2770,152,2578
630,319,2770,152,2578
631,319,2770,152,2578
632,319,2770,152,2578
633,319,2770,152,2578
634,319,2770,152,2578
635,319,2770,152,2578
636,319,2770,152,2578
637,319,2770,152,2578
638,319,2770,152,2578
639,319,2770,152,2578
640,319,2770,152,2578
641,319,2770,152,2578
642,319,2770,152,2578
643,319,2770,152,2578
644,319,2770,152,2578
645,319,2770,152,2578
646,319,2770,152,2578
647,319,2770,152,2578
648,319,2770,152,2578
649,319,2770,152,2578
650,319,2770,152,2578
651,319,2770,152,2578
652,319,2770,152,2578
653,319,2770,152,2578
654,319,2770,152,2578
655,319,2770,152,2578
656,319,2770,152,2578
657,319,2770,152,2578
658,319,2770,152,2578
659,319,2770,152,2578
660,319,2770,152,2578
661,319,2770,152,2578
662,319,2770,152,2578
663,319,2770,152,2578
664,319,2770,152,2578
665,319,2770,152,2578
666,319,2770,152,2578
667,319,2770,152,2578
668,319,2770,152,2578
669,319,2770,152,2578
670,319,2770,152,2578
671,319,2770,152,2578
672,319,2770,152,2578
673,319,2770,152,2578
674,319,2770,152,2578
675,319,2770,152,2578
676,319,2770,152,2578
677,319,2770,152,2578
678,319,2770,152,2578
679,319,2770,152,2578
680,319,2770,152,2578
681,319,2770,152,2578
682,319,2770,152,2578
683,319,2770,152,2578
684,319,2770,152,2578
685,319,2770,152,2578
686,319,2770,152,2578
687,319,2770,152,2578
688,319,2770,152,2578
689,319,2770,152,2578
690,319,2770,152,2578
691,319,2770,152,2578
692,319,2770,152,2578
693,319,2770,152,2578
694,319,2770,152,2578
695,319,2770,152,2578
696,319,2770,152,2578
697,319,2770,152,2578
698,319,2770,152,2578
699,319,2770,152,2578
700,319,2770,152,2578
701,319,2770,152,2578
702,319,2770,152,2578
703,319,2770,152,2578
704,319,2770,152,2578
705,319,2770,152,2578
706,319,2770,152,2578
707,319,2770,152,2578
708,319,2770,152,2578
709,319,2770,152,2578
710,319,2770,152,2578
711,319,2770,152,2578
712,319,2770,152,2578
713,319,2770,152,2578
714,319,2770,152,2578
715,319,2770,152,2578
716,319,2770,152,2578
717,319,2770,152,2578
718,319,2770,152,2578
719,319,2770,152,2578
720,319,2770,152,2578
721,319,2770,152,2578
722,319,2770,152,2578
723,319,2770,152,2578
724,319,2770,152,2578
725,319,2770,152,2578
726,319,2770,152,2578
727,319,2770,152,2578
728,319,2770,152,2578
729,319,2770,152,2578
730,319,2770,152,2578
731,319,2770,152,2578
732,319,2770,152,2578
733,319,2770,152,2578
734,319,2770,152,2578
735,319,2770,152,2578
736,319,2770,152,2578
737,319,2770,152,2578
738,319,2770,152,2578
739,319,2770,152,2578
740,319,2770,152,2578
741,319,2770,152,2578
742,319,2770,152,2578
743,319,2770,152,2578
744,319,2770,152,2578
745,319,2770,152,2578
746,319,2770,152,2578
747,319,2770,152,2578
748,319,2770,152,2578
749,319,2770,152,2578
750,319,2770,152,2578
751,319,2770,152,2578
752,319,2770,152,2578
753,319,2770,152,2578
754,319,2770,152,2578
755,319,2770,152,2578
756,319,2770,152,2578
757,319,2770,152,2578
758,319,2770,152,2578
759,319,2770,152,2578
760,319,2770,152,2578
761,319,2770,152,2578
762,319,2770,152,2578
763,319,2770,152,2578
764,319,2770,152,2578
765,319,2770,152,2578
766,319,2770,152,2578
767,319,2770,152,2578
768,319,2770,152,2578
769,319,2770,152,2578
770,319,2770,152,2578
771,319,2770,152,2578
772,319,2770,152,2578
773,319,2770,152,2578
774,319,2770,152,2578
775,319,2770,152,2578
776,319,2770,152,2578
777,319,2770,152,2578
778,319,2770,152,2578
779,319,2770,152,2578
780,319,2770,152,2578
781,319,2770,152,2578
782,319,2770,152,2578
783,319,2770,152,2578
784,319,2770,152,2578
785,319,2770,152,2578
786,319,2770,152,2578
787,319,2770,152,2578
788,319,2770,152,2578
789,319,2770,152,2578
790,319,2770,152,2578
791,319,2770,152,2578
792,319,2770,152,2578
793,319,2770,152,2578
794,319,2770,152,2578
795,319,2770,152,2578
796,319,2770,152,2578
797,319,2770,152,2578
798,319,2770,152,2578
799,319,2770,152,2578
800,319,2770,152,2578
801,319,2770,152,2578
802,319,2770,152,2578
803,319,2770,152,2578
804,319,2770,152,2578
805,319,2770,152,2578
806,319,2770,152,2578
807,319,2770,152,2578
808,319,2770,152,2578
809,319,2770,152,2578
810,319,2770,152,2578
811,319,2770,152,2578
812,319,2770,152,2578
813,319,2770,152,2578
814,319,2770,152,2578
815,319,2770,152,2578
816,319,2770,152,2578
817,319,2770,152,2578
818,319,2770,152,2578
819,319,2770,152,2578
820,319,2770,152,2578
821,319,2770,152,2578
822,319,2770,152,2578
823,319,2770,152,2578
824,319,2770,152,2578
825,319,2770,152,2578
826,319,2770,152,2578
827,319,2770,152,2578
828,319,2770,152,2578
829,319,2770,152,2578
830,319,2770,152,2578
831,319,2770,152,2578
832,319,2770,152,2578
833,319,2770,152,2578
834,319,2770,152,2578
835,319,2770,152,2578
836,319,2770,152,2578
837,319,2770,152,2578
838,319,2770,152,2578
839,319,2770,152,2578
840,319,2770,152,2578
841,319,2770,152,2578
842,319,2770,152,2578
843,319,2770,152,2578
844,319,2770,152,2578
845,307,2770,140,2578
846,307,2770,140,2578
847,307,2780,140,2611
848,307,2780,140,2611
849,307,2780,140,2611
850,307,2780,140,2611
851,307,2813,140,2644
852,307,2813,140,2644
853,307,2813,140,2644
854,307,2833,140,2665
855,307,2833,140,2665
856,309,2844,142,2676
857,309,2844,142,2676
858,309,2844,142,2676
859,309,2844,142,2676
860,309,2844,142,2676
861,309,2861,142,2693
862,309,2861,142,2693
863,309,2861,142,2693
864,309,2900,142,2732
865,309,2900,142,2732
866,309,2900,142,2732
867,309,2937,142,2769
868,309,2963,142,2795
869,309,2963,142,2795
870,309,2963,142,2795
871,309,2963,142,2795
872,309,2963,142,2795
873,309,2963,142,2795
874,339,3015,172,2847
875,339,3044,172,2876
876,339,3044,172,2876
877,339,3044,172,2876
878,339,3071,172,2903
879,339,3071,172,2903
880,339,3071,172,2903
881,339,3071,172,2903
882,339,3071,172,2903
883,353,3071,186,2903
884,353,3071,186,2903
885,353,3071,186,2903
886,353,3071,186,2903
887,353,3071,186,2903
888,353,3068,186,2900
889,353,3068,186,2900
890,353,3066,186,2862
891,353,3066,186,2862
892,353,3029,186,2825
893,353,3029,186,2825
894,353,3001,186,2797
895,378,3001,211,2797
896,378,2966,211,2762
897,378,2966,211,2762
898,371,2942,204,2738
899,371,2942,204,2738
900,371,2910,204,2706
901,371,2892,204,2688
902,371,2891,204,2662
903,371,2880,204,2651
904,371,2850,204,2621
905,371,2811,204,2608
906,371,2789,204,2586
907,371,2764,204,2561
908,371,2742,204,2539
909,371,2742,204,2539
910,371,2731,204,2507
911,371,2712,204,2488
912,371,2675,204,2451
913,371,2675,204,2451
914,371,2653,204,2438
915,371,2653,204,2438
916,371,2571,204,2420
917,371,2571,204,2420
918,371,2530,204,2351
919,396,2506,229,2327
920,396,2501,229,2305
921,396,2487,229,2291
922,396,2487,229,2291
923,423,2476,256,2280
924,423,2476,256,2280
925,423,2461,256,2265
926,423,2461,256,2265
927,423,2461,256,2265
928,423,2461,256,2265
929,423,2461,256,2265
930,423,2461,256,2265
931,423,2461,256,2265
932,436,2463,269,2288
933,436,2463,269,2288
934,436,2463,269,2288
935,436,2463,269,2288
936,478,2478,311,2303
937,478,2478,311,2303
938,478,2478,311,2303
939,513,2489,346,2342
940,513,2489,346,2342
941,536,2506,369,2359
942,536,2506,369,2359
943,556,2515,389,2368
944,556,2515,389,2368
945,576,2524,409,2377
946,576,2524,409,2377
947,592,2535,425,2388
948,592,2535,425,2388
949,592,2535,425,2388
950,620,2552,453,2405
951,620,2552,453,2405
952,620,2552,453,2405
953,634,2611,467,2428
954,634,2611,467,2428
955,642,2632,475,2449
956,642,2632,475,2449
957,659,2655,492,2472
958,659,2655,492,2472
959,672,2669,505,2486
960,672,2669,505,2486
961,696,2715,529,2499
962,716,2731,549,2515
963,732,2752,565,2536
964,740,2770,573,2554
965,751,2789,584,2573
966,751,2789,584,2573
967,766,2816,599,2600
968,776,2835,609,2619
969,776,2835,609,2619
970,792,2855,625,2639
971,792,2855,625,2639
972,808,2855,641,2639
973,809,2870,642,2654
974,817,2876,650,2660
975,817,2876,650,2660
976,817,2901,650,2685
977,817,2920,650,2704
978,817,2920,650,2704
979,817,2935,650,2719
980,817,2935,650,2719
981,817,2951,650,2735
982,817,2951,650,2735
983,817,2956,650,2740
984,817,2956,650,2740
985,791,2966,624,2750
986,791,2966,624,2750
987,774,2984,607,2768
988,774,2984,607,2768
989,751,2999,584,2783
990,751,2999,584,2783
991,752,3017,585,2801
992,752,3017,585,2801
993,737,3038,570,2822
994,737,3038,570,2822
995,725,3054,558,2838
996,725,3054,558,2838
997,702,3062,535,2852
998,691,3062,514,2852
999,691,3062,514,2852
1000,686,3068,509,2870
1001,686,3068,509,2870
1002,687,3080,510,2905
1003,687,3080,510,2905
1004,687,3080,510,2905
1005,687,3080,510,2905
1006,687,3080,510,2905
1007,687,3080,510,2905
1008,687,3080,510,2905
1009,687,3080,510,2905
1010,687,3080,510,2905
1011,687,3080,510,2905
1012,687,3080,510,2905
1013,687,3080,510,2905
1014,687,3080,510,2905
1015,687,3065,510,2890
1016,687,3065,510,2890
1017,687,3065,510,2890
1018,687,3065,510,2890
1019,687,3065,510,2890
1020,687,3053,510,2862
1021,687,3053,510,2862
1022,687,3041,510,2850
1023,687,3041,510,2850
1024,668,3026,491,2835
1025,652,3006,475,2815
1026,652,3006,475,2815
1027,652,2989,475,2798
1028,652,2989,475,2798
1029,631,2947,454,2756
1030,631,2936,454,2745
1031,631,2915,454,2724
1032,615,2903,438,2712
1033,616,2895,439,2704
1034,616,2894,439,2703
1035,616,2877,439,2686
1036,616,2866,439,2675
1037,616,2854,439,2663
1038,616,2839,439,2648
1039,616,2838,439,2647
1040,616,2826,439,2635
1041,616,2826,439,2635
1042,616,2826,439,2635
1043,616,2782,439,2618
1044,616,2782,439,2618
1045,616,2769,439,2605
1046,616,2769,439,2605
1047,580,2758,440,2594
1048,580,2751,440,2587
1049,580,2751,440,2587
1050,575,2745,435,2581
1051,575,2745,435,2581
1052,576,2740,436,2576
1053,576,2725,436,2561
1054,576,2713,436,2549
1055,576,2700,436,2536
1056,576,2687,436,2523
1057,576,2674,436,2510
1058,576,2665,436,2501
1059,576,2658,436,2494
1060,576,2658,436,2494
1061,576,2658,436,2494
1062,576,2646,436,2482
1063,576,2646,436,2482
1064,576,2635,436,2471
1065,576,2635,436,2471
1066,576,2635,436,2471
1067,576,2635,436,2471
1068,576,2635,436,2471
1069,576,2635,436,2471
1070,576,2635,436,2471
1071,576,2635,436,2471
1072,576,2635,436,2471
1073,576,2635,436,2471
1074,576,2635,436,2471
1075,563,2624,423,2460
1076,563,2624,423,2460
1077,563,2624,423,2460
1078,563,2624,423,2460
1079,563,2624,423,2460
1080,563,2624,423,2460
1081,563,2624,423,2460
1082,563,2624,423,2460
1083,563,2624,423,2460
1084,563,2624,423,2460
1085,563,2624,423,2460
1086,563,2624,423,2460
1087,563,2624,423,2460
1088,563,2624,423,2460
1089,563,2624,423,2460
1090,563,2624,423,2460
1091,563,2624,423,2460
1092,563,2624,423,2460
1093,563,2624,423,2460
1094,563,2624,423,2460
1095,563,2624,423,2460
1096,563,2624,423,2460
1097,557,2598,417,2457
1098,557,2598,417,2457
1099,557,2598,417,2457
1100,557,2598,417,2457
1101,557,2598,417,2457
1102,557,2598,417,2457
1103,557,2598,417,2457
1104,557,2598,417,2457
1105,557,2598,417,2457
1106,557,2598,417,2457
1107,557,2598,417,2457
1108,557,2598,417,2457
1109,557,2598,417,2457
1110,557,2598,417,2457
1111,557,2598,417,2457
1112,557,2598,417,2457
1113,557,2598,417,2457
1114,557,2598,417,2457
1115,557,2598,417,2457
1116,557,2598,417,2457
1117,557,2598,417,2457
1118,557,2598,417,2457
1119,557,2598,417,2457
1120,557,2598,417,2457
1121,557,2598,417,2457
1122,557,2598,417,2457
1123,557,2598,417,2457
1124,557,2598,417,2457
1125,557,2598,417,2457
1126,557,2598,417,2457
1127,557,2598,417,2457
1128,557,2598,417,2457
1129,557,2598,417,2457
1130,557,2598,417,2457
1131,557,2598,417,2457
1132,557,2598,417,2457
1133,557,2598,417,2457
1134,557,2598,417,2457
1135,557,2598,417,2457
1136,557,2598,417,2457
1137,557,2598,417,2457
1138,557,2598,417,2457
1139,557,2598,417,2457
1140,557,2598,417,2457
1141,557,2598,417,2457
1142,557,2598,417,2457
1143,557,2598,417,2457
1144,557,2598,417,2457
1145,557,2598,417,2457
1146,557,2598,417,2457
1147,557,2598,417,2457
1148,557,2598,417,2457
1149,557,2598,417,2457
1150,557,2598,417,2457
1151,557,2598,417,2457
1152,557,2598,417,2457
1153,557,2598,417,2457
1154,557,2598,417,2457
1155,557,2598,417,2457
1156,557,2598,417,2457
1157,557,2598,417,2457
1158,557,2598,417,2457
1159,557,2598,417,2457
1160,557,2598,417,2457
1161,557,2598,417,2457
1162,557,2598,417,2457
1163,557,2598,417,2457
1164,557,2598,417,2457
1165,557,2598,417,2457
1166,557,2598,417,2457
1167,557,2598,417,2457
1168,557,2598,417,2457
1169,496,2598,356,2457
1170,496,2598,356,2457
1171,473,2598,333,2457
1172,473,2598,333,2457
1173,451,2618,311,2477
1174,451,2618,311,2477
1175,428,2618,288,2477
1176,428,2618,288,2477
1177,412,2618,272,2477
1178,412,2618,272,2477
1179,412,2618,272,2477
1180,380,2618,240,2477
1181,380,2618,240,2477
1182,380,2618,240,2477
1183,366,2618,226,2477
1184,366,2618,226,2477
1185,366,2618,226,2477
1186,366,2610,226,2469
1187,335,2610,195,2469
1188,335,2610,195,2469
1189,335,2610,195,2469
1190,320,2599,180,2458
1191,320,2599,180,2458
1192,320,2599,180,2458
1193,309,2588,169,2447
1194,309,2588,169,2447
1195,309,2588,169,2447
1196,309,2588,169,2447
1197,309,2582,169,2422
1198,309,2582,169,2422
1199,309,2536,169,2376
1200,309,2536,169,2376
1201,309,2536,169,2376
1202,309,2536,169,2376
1203,309,2536,169,2376
1204,309,2536,169,2376
1205,309,2512,169,2352
1206,309,2512,169,2352
1207,309,2512,169,2352
1208,309,2512,169,2352
1209,309,2512,169,2352
1210,309,2512,169,2352
1211,309,2472,169,2290
1212,309,2472,169,2290
1213,309,2472,169,2290
1214,325,2453,185,2271
1215,325,2453,185,2271
1216,337,2436,197,2254
1217,337,2436,197,2254
1218,337,2436,197,2254
1219,337,2411,197,2229
1220,343,2401,203,2243
1221,343,2401,203,2243
1222,356,2393,216,2235
1223,356,2393,216,2235
1224,356,2393,216,2235
1225,370,2377,230,2219
1226,370,2377,230,2219
1227,370,2357,230,2199
1228,370,2357,230,2199
1229,370,2357,230,2199
1230,390,2337,250,2179
1231,390,2337,250,2179
1232,390,2317,250,2159
1233,390,2317,250,2159
1234,390,2317,250,2159
1235,408,2298,268,2140
1236,408,2298,268,2140
1237,408,2298,268,2140
1238,408,2298,268,2140
1239,416,2265,276,2107
1240,416,2265,276,2107
1241,424,2248,284,2090
1242,424,2248,284,2090
1243,424,2233,284,2075
1244,424,2233,284,2075
1245,428,2220,288,2062
1246,428,2220,288,2062
1247,445,2220,305,2062
1248,445,2220,305,2062
1249,445,2220,305,2062
1250,460,2206,320,2048
1251,460,2206,320,2048
1252,460,2206,320,2048
1253,460,2206,320,2048
1254,484,2189,344,2031
1255,484,2189,344,2031
1256,484,2189,344,2031
1257,506,2177,366,2031
1258,506,2177,366,2031
1259,513,2177,373,2031
1260,513,2177,373,2031
1261,513,2177,373,2031
1262,529,2177,389,2031
1263,529,2177,389,2031
1264,529,2177,389,2031
1265,529,2177,389,2031
1266,529,2177,389,2031
1267,529,2177,389,2031
1268,529,2177,389,2031
1269,529,2177,389,2031
1270,529,2177,389,2031
1271,529,2177,389,2031
1272,529,2177,389,2031
1273,572,2120,432,2003
1274,572,2120,432,2003
1275,590,2120,450,2003
1276,590,2120,450,2003
1277,590,2120,450,2003
1278,599,2120,459,2003
1279,599,2120,459,2003
1280,599,2120,459,2003
1281,599,2120,459,2003
1282,632,2120,492,2003
1283,635,2120,495,2003
1284,635,2120,495,2003
1285,635,2120,495,2003
1286,650,2120,510,2003
1287,650,2120,510,2003
1288,650,2120,510,2003
1289,650,2120,510,2003
1290,650,2120,510,2003
1291,650,2120,510,2003
1292,650,2120,510,2003
1293,650,2120,510,2003
1294,650,2120,510,2003
1295,651,2120,511,2003
1296,651,2120,511,2003
1297,651,2120,511,2003
1298,651,2120,511,2003
1299,646,2120,506,2003
1300,646,2120,506,2003
1301,646,2120,506,2003
1302,646,2120,506,2003
1303,646,2120,506,2003
1304,646,2120,506,2003
1305,630,2120,490,2003
1306,630,2120,490,2003
1307,630,2120,490,2003
1308,630,2120,490,2003
1309,630,2120,490,2003
1310,630,2120,490,2003
1311,630,2120,490,2003
1312,606,2120,466,2003
1313,606,2120,466,2003
1314,586,2120,446,2003
1315,586,2120,446,2003
1316,586,2120,446,2003
1317,586,2120,446,2003
1318,586,2120,446,2003
1319,558,2120,418,2003
1320,558,2120,418,2003
1321,558,2120,418,2003
1322,558,2120,418,2003
1323,558,2120,418,2003
1324,558,2120,418,2003
1325,558,2120,418,2003
1326,558,2120,418,2003
1327,535,2120,395,2003
1328,535,2120,395,2003
1329,514,2120,374,2003
1330,514,2120,374,2003
1331,491,2120,351,2003
1332,491,2120,351,2003
1333,491,2120,351,2003
1334,478,2120,338,2003
1335,478,2120,338,2003
1336,468,2130,328,2013
1337,468,2130,328,2013
1338,468,2141,328,2024
1339,468,2141,328,2024
1340,468,2141,328,2024
1341,456,2134,316,2017
1342,439,2134,299,2017
1343,439,2134,299,2017
1344,439,2134,299,2017
1345,439,2134,299,2017
1346,426,2133,286,2016
1347,426,2133,286,2016
1348,426,2133,286,2016
1349,419,2132,279,2015
1350,419,2132,279,2015
1351,419,2132,279,2015
1352,406,2132,266,2015
1353,406,2132,266,2015
1354,406,2132,266,2015
1355,395,2123,255,2015
1356,395,2123,255,2015
1357,395,2123,255,2015
1358,376,2123,236,2015
1359,376,2123,236,2015
1360,376,2123,236,2015
1361,367,2122,227,2015
1362,367,2122,227,2015
1363,367,2122,227,2015
1364,367,2122,227,2015
1365,367,2122,227,2015
1366,367,2122,227,2015
1367,367,2122,227,2015
1368,367,2122,227,2015
1369,367,2122,227,2015
1370,367,2122,227,2015
1371,367,2122,227,2015
1372,367,2122,227,2015
1373,367,2122,227,2015
1374,367,2122,227,2015
1375,367,2122,227,2015
1376,367,2122,227,2015
1377,367,2122,227,2015
1378,370,2122,215,2015
1379,370,2122,215,2015
1380,370,2122,215,2015
1381,370,2122,215,2015
1382,370,2122,215,2015
1383,370,2122,215,2015
1384,370,2122,215,2015
1385,370,2122,215,2015
1386,370,2122,215,2015
1387,370,2122,215,2015
1388,370,2122,215,2015
1389,370,2122,215,2015
1390,370,2122,215,2015
1391,370,2122,215,2015
1392,370,2122,215,2015
1393,370,2122,215,2015
1394,370,2122,215,2015
1395,370,2122,215,2015
1396,370,2122,215,2015
1397,370,2122,215,2015
1398,385,2122,230,2015
1399,385,2122,230,2015
1400,385,2122,230,2015
1401,385,2122,230,2015
1402,385,2122,230,2015
1403,385,2122,230,2015
1404,385,2122,230,2015
1405,385,2122,230,2015
1406,385,2122,230,2015
1407,385,2122,230,2015
1408,385,2122,230,2015
1409,385,2122,230,2015
1410,385,2122,230,2015
1411,385,2122,230,2015
1412,385,2122,230,2015
1413,385,2122,230,2015
1414,385,2122,230,2015
1415,385,2122,230,2015
1416,385,2122,230,2015
1417,385,2122,230,2015
1418,385,2122,230,2015
1419,385,2122,230,2015
1420,423,2120,268,2013
1421,423,2120,268,2013
1422,423,2120,268,2013
1423,423,2120,268,2013
1424,423,2120,268,2013
1425,423,2120,268,2013
1426,423,2120,268,2013
1427,423,2120,268,2013
1428,423,2120,268,2013
1429,423,2120,268,2013
1430,423,2120,268,2013
1431,423,2120,268,2013
1432,423,2120,268,2013
1433,423,2120,268,2013
1434,423,2120,268,2013
1435,423,2120,268,2013
1436,423,2120,268,2013
1437,423,2120,268,2013
1438,423,2120,268,2013
1439,423,2120,268,2013
1440,421,2108,255,2001
1441,421,2108,255,2001
1442,421,2108,255,2001
1443,421,2108,255,2001
1444,421,2108,255,2001
1445,421,2108,255,2001
1446,421,2108,255,2001
1447,421,2108,255,2001
1448,421,2108,255,2001
1449,421,2108,255,2001
1450,421,2108,255,2001
1451,421,2108,255,2001
1452,421,2108,255,2001
1453,421,2108,255,2001
1454,421,2108,255,2001
1455,421,2108,255,2001
1456,421,2108,255,2001
1457,421,2108,255,2001
1458,421,2108,255,2001
1459,421,2108,255,2001
1460,421,2108,255,2001
1461,421,2108,255,2001
1462,421,2108,255,2001
1463,421,2108,255,2001
1464,421,2108,255,2001
1465,421,2108,255,2001
1466,421,2108,255,2001
1467,421,2108,255,2001
1468,421,2108,255,2001
1469,421,2108,255,2001
1470,421,2108,255,2001
1471,421,2108,255,2001
1472,421,2108,255,2001
1473,421,2108,255,2001
1474,421,2108,255,2001
1475,421,2108,255,2001
1476,421,2108,255,2001
1477,421,2108,255,2001
1478,421,2108,255,2001
1479,421,2108,255,2001
1480,421,2108,255,2001
1481,421,2108,255,2001
1482,421,2108,255,2001
1483,421,2108,255,2001
1484,421,2108,255,2001
1485,421,2108,255,2001
1486,421,2108,255,2001
1487,421,2108,255,2001
1488,421,2108,255,2001
1489,421,2108,255,2001
1490,421,2108,255,2001
1491,421,2108,255,2001
1492,421,2108,255,2001
1493,421,2108,255,2001
1494,421,2108,255,2001
1495,421,2108,255,2001
1496,421,2108,255,2001
1497,421,2108,255,2001
1498,421,2108,255,2001
1499,421,2108,255,2001
1500,421,2108,255,2001
1501,421,2108,255,2001
1502,421,2108,255,2001
1503,421,2108,255,2001
1504,421,2108,255,2001
1505,421,2108,255,2001
1506,421,2108,255,2001
1507,421,2108,255,2001
1508,421,2108,255,2001
1509,421,2108,255,2001
1510,421,2108,255,2001
1511,421,2108,255,2001
1512,421,2108,255,2001
1513,421,2108,255,2001
1514,421,2108,255,2001
1515,421,2108,255,2001
1516,421,2108,255,2001
1517,421,2108,255,2001
1518,421,2108,255,2001
1519,421,2108,255,2001
1520,421,2108,255,2001
1521,421,2108,255,2001
1522,421,2108,255,2001
1523,421,2108,255,2001
1524,421,2108,255,2001
1525,421,2108,255,2001
1526,421,2108,255,2001
1527,421,2108,255,2001
1528,421,2108,255,2001
1529,421,2108,255,2001
1530,421,2108,255,2001
1531,421,2108,255,2001
1532,421,2108,255,2001
1533,421,2108,255,2001
1534,421,2108,255,2001
1535,421,2108,255,2001
1536,421,2108,255,2001
1537,421,2108,255,2001
1538,421,2108,255,2001
1539,421,2108,255,2001
1540,421,2108,255,2001
1541,421,2108,255,2001
1542,421,2108,255,2001
1543,421,2108,255,2001
1544,421,2108,255,2001
1545,421,2108,255,2001
1546,421,2108,255,2001
1547,421,2108,255,2001
1548,421,2108,255,2001
1549,421,2108,255,2001
1550,421,2108,255,2001
1551,421,2108,255,2001
1552,421,2108,255,2001
1553,421,2108,255,2001
1554,421,2108,255,2001
1555,421,2108,255,2001
1556,421,2108,255,2001
1557,421,2108,255,2001
1558,421,2108,255,2001
1559,421,2108,255,2001
1560,421,2108,255,2001
1561,421,2108,255,2001
1562,421,2108,255,2001
1563,421,2108,255,2001
1564,421,2108,255,2001
1565,421,2108,255,2001
1566,421,2108,255,2001
1567,421,2108,255,2001
1568,421,2108,255,2001
1569,421,2108,255,2001
1570,421,2108,255,2001
1571,421,2108,255,2001
1572,421,2108,255,2001
1573,421,2108,255,2001
1574,421,2108,255,2001
1575,421,2108,255,2001
1576,421,2108,255,2001
1577,421,2108,255,2001
1578,421,2108,255,2001
1579,421,2108,255,2001
1580,421,2108,255,2001
1581,421,2108,255,2001
1582,421,2108,255,2001
1583,421,2108,255,2001
1584,421,2108,255,2001
1585,421,2108,255,2001
1586,421,2108,255,2001
1587,421,2108,255,2001
1588,421,2108,255,2001
1589,421,2108,255,2001
1590,421,2108,255,2001
1591,421,2108,255,2001
1592,421,2108,255,2001
1593,421,2108,255,2001
1594,421,2108,255,2001
1595,421,2108,255,2001
1596,421,2108,255,2001
1597,421,2108,255,2001
1598,421,2108,255,2001
1599,421,2108,255,2001
1600,421,2108,255,2001
1601,421,2108,255,2001
1602,421,2108,255,2001
1603,421,2108,255,2001
1604,421,2108,255,2001
1605,421,2108,255,2001
1606,421,2108,255,2001
1607,421,2108,255,2001
1608,421,2108,255,2001
1609,421,2108,255,2001
1610,421,2108,255,2001
1611,421,2108,255,2001
1612,421,2108,255,2001
1613,421,2108,255,2001
1614,421,2108,255,2001
1615,421,2108,255,2001
1616,421,2108,255,2001
1617,421,2108,255,2001
1618,421,2108,255,2001
1619,421,2108,255,2001
1620,421,2108,255,2001
1621,421,2108,255,2001
1622,421,2108,255,2001
1623,421,2108,255,2001
1624,421,2108,255,2001
1625,421,2108,255,2001
1626,421,2108,255,2001
1627,421,2108,255,2001
1628,421,2108,255,2001
1629,421,2108,255,2001
1630,421,2108,255,2001
1631,421,2108,255,2001
1632,421,2108,255,2001
1633,421,2108,255,2001
1634,421,2108,255,2001
1635,389,2108,223,2001
1636,389,2108,223,2001
1637,389,2108,223,2001
1638,366,2108,200,2001
1639,366,2108,200,2001
1640,366,2108,200,2001
1641,366,2108,200,2001
1642,352,2108,186,2001
1643,352,2108,186,2001
1644,352,2108,186,2001
1645,352,2108,186,2001
1646,352,2108,186,2001
1647,352,2108,186,2001
1648,352,2108,186,2001
1649,352,2108,186,2001
1650,352,2108,186,2001
1651,352,2108,186,2001
1652,332,2108,166,2001
1653,332,2108,166,2001
1654,332,2108,166,2001
1655,314,2108,148,2001
1656,314,2108,148,2001
1657,314,2108,148,2001
1658,314,2108,148,2001
1659,314,2108,148,2001
1660,314,2108,148,2001
1661,314,2108,148,2001
1662,314,2108,148,2001
1663,314,2108,148,2001
1664,314,2108,148,2001
1665,314,2108,148,2001
1666,314,2108,148,2001
1667,314,2108,148,2001
1668,314,2108,148,2001
1669,314,2108,148,2001
1670,314,2108,148,2001
1671,314,2108,148,2001
1672,314,2108,148,2001
1673,314,2108,148,2001
1674,314,2108,148,2001
1675,314,2108,148,2001
1676,314,2108,148,2001
1677,314,2108,148,2001
1678,314,2108,148,2001
1679,314,2108,148,2001
1680,314,2108,148,2001
1681,314,2108,148,2001
1682,314,2108,148,2001
1683,314,2108,148,2001
1684,314,2108,148,2001
1685,314,2108,148,2001
1686,314,2108,148,2001
1687,314,2108,148,2001
1688,314,2108,148,2001
1689,314,2108,148,2001
1690,314,2108,148,2001
1691,314,2108,148,2001
1692,314,2108,148,2001
1693,314,2108,148,2001
1694,314,2108,148,2001
1695,314,2108,148,2001
1696,314,2108,148,2001
1697,314,2108,148,2001
1698,314,2108,148,2001
1699,314,2108,148,2001
1700,314,2108,148,2001
1701,314,2108,148,2001
1702,314,2108,148,2001
1703,314,2108,148,2001
1704,314,2108,148,2001
1705,314,2108,148,2001
1706,314,2108,148,2001
1707,314,2108,148,2001
1708,314,2108,148,2001
1709,314,2108,148,2001
1710,314,2108,148,2001
1711,314,2108,148,2001
1712,314,2108,148,2001
1713,314,2108,148,2001
1714,314,2108,148,2001
1715,314,2108,148,2001
1716,314,2108,148,2001
1717,314,2108,148,2001
1718,314,2108,148,2001
1719,314,2108,148,2001
1720,314,2108,148,2001
1721,314,2108,148,2001
1722,314,2108,148,2001
1723,314,2108,148,2001
1724,314,2108,148,2001
1725,314,2108,148,2001
1726,314,2108,148,2001
1727,314,2108,148,2001
1728,314,2108,148,2001
1729,314,2108,148,2001
1730,314,2108,148,2001
1731,314,2108,148,2001
1732,314,2108,148,2001
1733,314,2147,148,2040
1734,314,2147,148,2040
1735,314,2163,148,2024
1736,314,2163,148,2024
1737,314,2198,148,2059
1738,314,2220,148,2062
1739,314,2242,148,2084
1740,314,2275,148,2117
1741,314,2275,148,2117
1742,331,2286,165,2128
1743,333,2303,167,2155
1744,351,2332,198,2184
1745,351,2345,198,2215
1746,362,2360,209,2230
1747,362,2360,209,2230
1748,363,2381,210,2251
1749,363,2398,210,2268
1750,363,2398,210,2268
1751,363,2524,210,2285
1752,363,2524,210,2285
1753,380,2532,227,2293
1754,380,2532,227,2293
1755,380,2546,227,2307
1756,380,2546,227,2307
1757,381,2554,228,2315
1758,381,2554,228,2315
1759,381,2565,228,2326
1760,381,2565,228,2326
1761,366,2566,213,2327
1762,366,2566,213,2327
1763,366,2566,213,2327
1764,366,2566,213,2327
1765,352,2566,199,2327
1766,352,2566,199,2327
1767,352,2566,199,2327
1768,352,2566,199,2327
1769,352,2566,199,2327
1770,352,2566,199,2327
1771,352,2566,199,2327
1772,352,2566,199,2327
1773,352,2566,199,2327
1774,352,2566,199,2327
1775,352,2566,199,2327
1776,352,2566,199,2327
1777,352,2566,199,2327
1778,352,2566,199,2327
1779,352,2566,199,2327
1780,352,2566,199,2327
1781,352,2566,199,2327
1782,352,2566,199,2327
1783,352,2566,199,2327
1784,352,2566,199,2327
1785,352,2566,199,2327
1786,352,2566,199,2327
1787,408,2537,269,2389
1788,408,2537,269,2389
1789,438,2537,299,2389
1790,438,2537,299,2389
1791,456,2537,317,2389
1792,456,2537,317,2389
1793,456,2537,317,2389
1794,482,2537,343,2389
1795,482,2537,343,2389
1796,498,2537,359,2389
1797,498,2537,359,2389
1798,498,2537,359,2389
1799,515,2537,376,2389
1800,515,2537,376,2389
1801,536,2537,397,2389
1802,536,2537,397,2389
1803,536,2537,397,2389
1804,566,2537,427,2389
1805,566,2537,427,2389
1806,566,2537,427,2389
1807,590,2537,451,2389
1808,590,2537,451,2389
1809,606,2537,467,2389
1810,606,2537,467,2389
1811,606,2537,467,2389
