1,1115,2802,880,2525
2,1115,2802,880,2525
3,1115,2802,880,2525
4,1115,2802,880,2525
5,1115,2802,880,2525
6,1115,2802,880,2525
7,1115,2802,880,2525
8,1115,2802,880,2525
9,1115,2802,880,2525
10,1115,2802,880,2525
11,1115,2802,880,2525
12,1115,2802,880,2525
13,1115,2802,880,2525
14,1115,2802,880,2525
15,1115,2802,880,2525
16,1115,2802,880,2525
17,1115,2802,880,2525
18,1115,2802,880,2525
19,1115,2802,880,2525
20,1115,2802,880,2525
21,1115,2802,880,2525
22,1115,2802,880,2525
23,1115,2802,880,2525
24,1115,2802,880,2525
25,1115,2802,880,2525
26,1115,2802,880,2525
27,1115,2802,880,2525
28,1115,2802,880,2525
29,1115,2802,880,2525
30,1115,2802,880,2525
31,1115,2802,880,2525
32,1115,2802,880,2525
33,1115,2802,880,2525
34,1115,2802,880,2525
35,1115,2802,880,2525
36,1115,2802,880,2525
37,1115,2802,880,2525
38,1115,2802,880,2525
39,1115,2802,880,2525
40,1115,2802,880,2525
41,1115,2802,880,2525
42,1115,2802,880,2525
43,1115,2802,880,2525
44,1115,2802,880,2525
45,1115,2802,880,2525
46,1141,2861,906,2584
47,1141,2861,906,2584
48,1169,2861,934,2584
49,1169,2861,934,2584
50,1169,2861,934,2584
51,1211,2861,976,2584
52,1211,2861,976,2584
53,1211,2861,976,2584
54,1245,2861,1010,2584
55,1245,2861,1010,2584
56,1271,2861,1036,2584
57,1271,2861,1036,2584
58,1292,2861,1057,2584
59,1292,2861,1057,2584
60,1313,2861,1078,2584
61,1314,2861,1079,2584
62,1314,2861,1079,2584
63,1325,2861,1115,2584
64,1325,2861,1115,2584
65,1325,2861,1115,2584
66,1325,2861,1115,2584
67,1325,2861,1115,2584
68,1325,2861,1115,2584
69,1325,2861,1115,2584
70,1325,2861,1115,2584
71,1325,2861,1115,2584
72,0,0,0,0
73,0,0,0,0
74,0,0,0,0
75,0,0,0,0
76,0,0,0,0
77,0,0,0,0
78,0,0,0,0
79,0,0,0,0
80,0,0,0,0
81,0,0,0,0
82,0,0,0,0
83,0,0,0,0
84,0,0,0,0
85,0,0,0,0
86,0,0,0,0
87,0,0,0,0
88,0,0,0,0
89,0,0,0,0
90,0,0,0,0
91,0,0,0,0
92,0,0,0,0
93,0,0,0,0
94,0,0,0,0
95,0,0,0,0
96,0,0,0,0
97,0,0,0,0
98,0,0,0,0
99,0,0,0,0
100,0,0,0,0
101,0,0,0,0
102,0,0,0,0
103,0,0,0,0
104,0,0,0,0
105,0,0,0,0
106,0,0,0,0
107,0,0,0,0
108,0,0,0,0
109,0,0,0,0
110,0,0,0,0
111,1330,2401,1119,2086
112,1330,2401,1119,2086
113,1316,2386,1105,2071
114,1316,2386,1105,2071
115,1316,2386,1105,2071
116,1316,2341,1105,2026
117,1316,2341,1105,2026
118,1316,2341,1105,2026
119,1290,2341,1079,2026
120,1290,2341,1079,2026
121,1290,2341,1079,2026
122,1269,2341,1058,2026
123,1269,2341,1058,2026
124,1269,2341,1058,2026
125,1245,2341,1034,2026
126,1245,2341,1034,2026
127,1245,2341,1034,2026
128,1245,2341,1034,2026
129,1224,2262,1013,2011
130,1224,2262,1013,2011
131,1224,2262,1013,2011
132,1203,2242,992,1991
133,1203,2242,992,1991
134,1187,2242,976,1991
135,1187,2242,976,1991
136,1176,2242,965,1991
137,1176,2242,965,1991
138,1176,2242,965,1991
139,1176,2242,965,1991
140,1155,2242,944,1991
141,1155,2242,944,1991
142,1155,2242,944,1991
143,1155,2242,944,1991
144,1155,2242,944,1991
145,1127,2242,916,1991
146,1127,2242,916,1991
147,1127,2242,916,1991
148,1106,2257,895,2006
149,1106,2257,895,2006
150,1106,2257,895,2006
151,1106,2257,895,2006
152,1091,2273,880,2022
153,1091,2273,880,2022
154,1091,2273,880,2022
155,1070,2290,859,2039
156,1070,2290,859,2039
157,1070,2290,859,2039
158,1050,2306,839,2055
159,1050,2306,839,2055
160,1050,2306,839,2055
161,1027,2326,816,2075
162,1027,2326,816,2075
163,1027,2326,816,2075
164,1027,2326,816,2075
165,996,2338,785,2087
166,996,2338,785,2087
167,996,2338,785,2087
168,996,2338,785,2087
169,944,2366,733,2115
170,944,2366,733,2115
171,944,2366,733,2115
172,903,2366,692,2115
173,903,2366,692,2115
174,903,2366,692,2115
175,879,2395,668,2144
176,879,2395,668,2144
177,879,2395,668,2144
178,879,2395,668,2144
179,853,2416,642,2165
180,853,2416,642,2165
181,831,2416,620,2165
182,831,2416,620,2165
183,831,2416,620,2165
184,804,2416,593,2165
185,804,2416,593,2165
186,804,2416,593,2165
187,777,2446,566,2195
188,777,2446,566,2195
189,777,2446,566,2195
190,777,2446,566,2195
191,777,2446,566,2195
192,777,2446,566,2195
193,777,2446,566,2195
194,777,2446,566,2195
195,751,2477,540,2226
196,751,2477,540,2226
197,751,2477,540,2226
198,751,2477,540,2226
199,751,2477,540,2226
200,735,2501,524,2250
201,735,2501,524,2250
202,735,2501,524,2250
203,735,2501,524,2250
204,735,2501,524,2250
205,735,2501,524,2250
206,735,2533,524,2282
207,735,2533,524,2282
208,735,2533,524,2282
209,735,2533,524,2282
210,735,2533,524,2282
211,735,2533,524,2282
212,735,2533,524,2282
213,735,2533,524,2282
214,735,2533,524,2282
215,735,2533,524,2282
216,735,2533,524,2282
217,735,2533,524,2282
218,735,2533,524,2282
219,735,2533,524,2282
220,735,2533,524,2282
221,735,2533,524,2282
222,735,2533,524,2282
223,735,2533,524,2282
224,735,2533,524,2282
225,735,2533,524,2282
226,735,2533,524,2282
227,735,2533,524,2282
228,735,2533,524,2282
229,735,2533,524,2282
230,735,2533,524,2282
231,735,2533,524,2282
232,735,2533,524,2282
233,735,2533,524,2282
234,735,2533,524,2282
235,735,2533,524,2282
236,735,2533,524,2282
237,735,2533,524,2282
238,735,2533,524,2282
239,735,2533,524,2282
240,735,2533,524,2282
241,735,2533,524,2282
242,735,2533,524,2282
243,735,2533,524,2282
244,735,2533,524,2282
245,735,2533,524,2282
246,735,2533,524,2282
247,735,2533,524,2282
248,735,2533,524,2282
249,735,2533,524,2282
250,735,2533,524,2282
251,735,2533,524,2282
252,735,2533,524,2282
253,735,2533,524,2282
254,735,2533,524,2282
255,735,2533,524,2282
256,735,2533,524,2282
257,735,2533,524,2282
258,735,2533,524,2282
259,735,2533,524,2282
260,735,2533,524,2282
261,735,2533,524,2282
262,735,2533,524,2282
263,735,2533,524,2282
264,735,2533,524,2282
265,735,2533,524,2282
266,735,2533,524,2282
267,735,2533,524,2282
268,735,2533,524,2282
269,735,2533,524,2282
270,735,2533,524,2282
271,735,2533,524,2282
272,735,2533,524,2282
273,735,2533,524,2282
274,735,2533,524,2282
275,735,2533,524,2282
276,735,2533,524,2282
277,735,2533,524,2282
278,735,2533,524,2282
279,735,2533,524,2282
280,735,2533,524,2282
281,735,2533,524,2282
282,735,2533,524,2282
283,735,2533,524,2282
284,735,2533,524,2282
285,735,2533,524,2282
286,735,2533,524,2282
287,735,2533,524,2282
288,735,2533,524,2282
289,735,2533,524,2282
290,735,2533,524,2282
291,735,2533,524,2282
292,735,2533,524,2282
293,735,2533,524,2282
294,735,2533,524,2282
295,735,2533,524,2282
296,735,2533,524,2282
297,735,2533,524,2282
298,735,2533,524,2282
299,735,2533,524,2282
300,735,2533,524,2282
301,809,2604,598,2353
302,809,2604,598,2353
303,809,2604,598,2353
304,809,2604,598,2353
305,809,2604,598,2353
306,809,2604,598,2353
307,809,2604,598,2353
308,843,2604,632,2353
309,843,2604,632,2353
310,843,2604,632,2353
311,843,2604,632,2353
312,843,2604,632,2353
313,843,2604,632,2353
314,843,2634,632,2383
315,843,2634,632,2383
316,843,2634,632,2383
317,843,2634,632,2383
318,843,2634,632,2383
319,843,2634,632,2383
320,843,2634,632,2383
321,879,2634,668,2383
322,879,2634,668,2383
323,879,2634,668,2383
324,923,2692,712,2441
325,923,2692,712,2441
326,923,2692,712,2441
327,923,2692,712,2441
328,923,2692,712,2441
329,923,2692,712,2441
330,923,2692,712,2441
331,956,2725,745,2474
332,956,2725,745,2474
333,956,2725,745,2474
334,956,2725,745,2474
335,994,2749,783,2498
336,994,2749,783,2498
337,994,2749,783,2498
338,994,2749,783,2498
339,994,2749,783,2498
340,1008,2774,797,2523
341,1008,2774,797,2523
342,1008,2774,797,2523
343,1008,2774,797,2523
344,1039,2817,828,2566
345,1039,2817,828,2566
346,1039,2817,828,2566
347,1039,2817,828,2566
348,1039,2817,828,2566
349,1098,2817,887,2566
350,1098,2817,887,2566
351,1098,2817,887,2566
352,1098,2817,887,2566
353,1098,2817,887,2566
354,1098,2817,887,2566
355,1098,2817,887,2566
356,1098,2817,887,2566
357,1098,2817,887,2566
358,1098,2817,887,2566
359,1119,2873,908,2622
360,1119,2873,908,2622
361,1119,2873,908,2622
362,1119,2873,908,2622
363,1119,2873,908,2622
364,1119,2910,908,2659
365,1119,2910,908,2659
366,1119,2910,908,2659
367,1119,2910,908,2659
368,1119,2910,908,2659
369,1119,2910,908,2659
370,1119,2910,908,2659
371,1119,2910,908,2659
372,1119,2910,908,2659
373,1119,2910,908,2659
374,1119,2910,908,2659
375,1119,2910,908,2659
376,1119,2910,908,2659
377,1119,2910,908,2659
378,1119,2910,908,2659
379,1119,2910,908,2659
380,1119,2910,908,2659
381,1119,2910,908,2659
382,1119,2910,908,2659
383,1119,2910,908,2659
384,1119,2910,908,2659
385,1119,2910,908,2659
386,1119,2910,908,2659
387,1119,2910,908,2659
388,1119,2910,908,2659
389,1119,2910,908,2659
390,1069,2910,858,2659
391,1069,2910,858,2659
392,1069,2910,858,2659
393,1069,2910,858,2659
394,1069,2910,858,2659
395,1069,2910,858,2659
396,1069,2910,858,2659
397,1069,2910,858,2659
398,995,2910,784,2659
399,995,2910,784,2659
400,995,2910,784,2659
401,995,2910,784,2659
402,995,2910,784,2659
403,995,2910,784,2659
404,995,2910,784,2659
405,951,2910,740,2659
406,951,2910,740,2659
407,951,2910,740,2659
408,951,2910,740,2659
409,951,2910,740,2659
410,951,2910,740,2659
411,951,2910,740,2659
412,904,2866,693,2615
413,904,2866,693,2615
414,904,2866,693,2615
415,904,2866,693,2615
416,904,2866,693,2615
417,904,2866,693,2615
418,904,2866,693,2615
419,904,2866,693,2615
420,904,2866,693,2615
421,849,2866,638,2615
422,849,2866,638,2615
423,849,2866,638,2615
424,849,2866,638,2615
425,849,2866,638,2615
426,849,2866,638,2615
427,849,2866,638,2615
428,849,2866,638,2615
429,849,2866,638,2615
430,807,2866,596,2615
431,807,2866,596,2615
432,807,2866,596,2615
433,807,2866,596,2615
434,807,2866,596,2615
435,807,2866,596,2615
436,807,2866,596,2615
437,807,2866,596,2615
438,807,2866,596,2615
439,807,2866,596,2615
440,807,2866,596,2615
441,807,2866,596,2615
442,807,2866,596,2615
443,807,2866,596,2615
444,807,2866,596,2615
445,807,2866,596,2615
446,807,2866,596,2615
447,806,2866,595,2615
448,806,2866,595,2615
449,806,2866,595,2615
450,806,2866,595,2615
451,806,2866,595,2615
452,806,2866,595,2615
453,806,2866,595,2615
454,806,2866,595,2615
455,806,2866,595,2615
456,806,2866,595,2615
457,806,2866,595,2615
458,806,2866,595,2615
459,806,2866,595,2615
460,806,2866,595,2615
461,806,2866,595,2615
462,806,2866,595,2615
463,806,2866,595,2615
464,806,2866,595,2615
465,865,2890,654,2639
466,865,2890,654,2639
467,865,2890,654,2639
468,865,2890,654,2639
469,900,2890,689,2639
470,900,2890,689,2639
471,900,2890,689,2639
472,900,2890,689,2639
473,900,2890,689,2639
474,900,2890,689,2639
475,900,2890,689,2639
476,964,2890,753,2639
477,964,2890,753,2639
478,964,2890,753,2639
479,964,2890,753,2639
480,964,2890,753,2639
481,964,2890,753,2639
482,994,2897,783,2646
483,994,2897,783,2646
484,994,2897,783,2646
485,994,2897,783,2646
486,994,2897,783,2646
487,1031,2897,820,2646
488,1031,2897,820,2646
489,1031,2897,820,2646
490,1031,2897,820,2646
491,1031,2897,820,2646
492,1031,2897,820,2646
493,1031,2897,820,2646
494,1031,2897,820,2646
495,1031,2897,820,2646
496,1031,2897,820,2646
497,1031,2897,820,2646
498,1031,2897,820,2646
499,1031,2897,820,2646
500,1085,2839,874,2588
501,1085,2839,874,2588
502,1085,2839,874,2588
503,1085,2839,874,2588
504,1085,2839,874,2588
505,1085,2839,874,2588
506,1085,2839,874,2588
507,1108,2807,897,2556
508,1108,2807,897,2556
509,1108,2807,897,2556
510,1108,2807,897,2556
511,1108,2807,897,2556
512,1108,2807,897,2556
513,1108,2807,897,2556
514,1108,2807,897,2556
515,1108,2807,897,2556
516,1108,2807,897,2556
517,1108,2807,897,2556
518,1108,2807,897,2556
519,1108,2807,897,2556
520,1108,2807,897,2556
521,1108,2807,897,2556
522,1108,2807,897,2556
523,1108,2807,897,2556
524,1108,2807,897,2556
525,1108,2807,897,2556
526,1108,2807,897,2556
527,1108,2807,897,2556
528,1108,2807,897,2556
529,1108,2807,897,2556
530,1108,2807,897,2556
531,1108,2807,897,2556
532,1108,2807,897,2556
533,1108,2807,897,2556
534,1108,2807,897,2556
535,1108,2807,897,2556
536,1108,2807,897,2556
537,1108,2807,897,2556
538,1108,2807,897,2556
539,1108,2807,897,2556
540,1108,2807,897,2556
541,1108,2807,897,2556
542,1108,2807,897,2556
543,1108,2807,897,2556
544,1108,2807,897,2556
545,1108,2807,897,2556
546,1108,2807,897,2556
547,1108,2807,897,2556
548,1108,2807,897,2556
549,1108,2807,897,2556
550,1108,2807,897,2556
551,1108,2807,897,2556
552,1108,2807,897,2556
553,1108,2807,897,2556
554,1108,2807,897,2556
555,1108,2807,897,2556
556,1108,2807,897,2556
557,1108,2807,897,2556
558,1108,2807,897,2556
559,1108,2807,897,2556
560,1108,2807,897,2556
561,1108,2807,897,2556
562,1108,2807,897,2556
563,1108,2807,897,2556
564,1108,2807,897,2556
565,1108,2807,897,2556
566,1108,2807,897,2556
567,1108,2807,897,2556
568,1108,2807,897,2556
569,1108,2807,897,2556
570,1108,2807,897,2556
571,1108,2807,897,2556
572,1108,2807,897,2556
573,1108,2807,897,2556
574,1108,2807,897,2556
575,1108,2807,897,2556
576,1108,2807,897,2556
577,1108,2807,897,2556
578,1108,2807,897,2556
579,1108,2807,897,2556
580,1108,2807,897,2556
581,1108,2807,897,2556
582,1108,2807,897,2556
583,1108,2807,897,2556
584,1108,2807,897,2556
585,1108,2807,897,2556
586,1108,2807,897,2556
587,1108,2807,897,2556
588,1108,2807,897,2556
589,1108,2807,897,2556
590,1108,2807,897,2556
591,1108,2807,897,2556
592,1108,2807,897,2556
593,1108,2807,897,2556
594,1108,2807,897,2556
595,1108,2807,897,2556
596,1108,2807,897,2556
597,1108,2807,897,2556
598,1108,2807,897,2556
599,1108,2807,897,2556
600,1108,2807,897,2556
601,1108,2807,897,2556
602,1108,2807,897,2556
603,1108,2807,897,2556
604,1108,2807,897,2556
605,1108,2807,897,2556
606,1108,2807,897,2556
607,1108,2807,897,2556
608,1108,2807,897,2556
609,1108,2807,897,2556
610,1108,2807,897,2556
611,1108,2807,897,2556
612,1108,2807,897,2556
613,1108,2807,897,2556
614,1108,2807,897,2556
615,1108,2807,897,2556
616,1108,2807,897,2556
617,1108,2807,897,2556
618,1108,2807,897,2556
619,1108,2807,897,2556
620,1108,2807,897,2556
621,1108,2807,897,2556
622,1108,2807,897,2556
623,1108,2807,897,2556
624,1108,2807,897,2556
625,1108,2807,897,2556
626,1108,2807,897,2556
627,1108,2807,897,2556
628,1108,2807,897,2556
629,1108,2807,897,2556
630,1108,2807,897,2556
631,1108,2807,897,2556
632,1108,2807,897,2556
633,1108,2807,897,2556
634,1108,2807,897,2556
635,1108,2807,897,2556
636,1108,2807,897,2556
637,1108,2807,897,2556
638,1108,2807,897,2556
639,1108,2807,897,2556
640,1108,2807,897,2556
641,1108,2807,897,2556
642,1108,2807,897,2556
643,1108,2807,897,2556
644,1108,2807,897,2556
645,1108,2807,897,2556
646,1108,2807,897,2556
647,1108,2807,897,2556
648,1108,2807,897,2556
649,1108,2807,897,2556
650,1108,2807,897,2556
651,1108,2807,897,2556
652,1108,2807,897,2556
653,1108,2807,897,2556
654,1108,2807,897,2556
655,1108,2807,897,2556
656,1108,2807,897,2556
657,1108,2807,897,2556
658,1108,2807,897,2556
659,1108,2807,897,2556
660,1108,2807,897,2556
661,1108,2807,897,2556
662,1108,2807,897,2556
663,1108,2807,897,2556
664,1108,2807,897,2556
665,1108,2807,897,2556
666,1108,2807,897,2556
667,1108,2807,897,2556
668,1108,2807,897,2556
669,1108,2807,897,2556
670,1108,2807,897,2556
671,1108,2807,897,2556
672,1108,2807,897,2556
673,1108,2807,897,2556
674,1108,2807,897,2556
675,1108,2807,897,2556
676,1108,2807,897,2556
677,1108,2807,897,2556
678,1108,2807,897,2556
679,1108,2807,897,2556
680,1108,2807,897,2556
681,1108,2807,897,2556
682,1108,2807,897,2556
683,1108,2807,897,2556
684,1108,2807,897,2556
685,1108,2807,897,2556
686,1108,2807,897,2556
687,1108,2807,897,2556
688,1108,2807,897,2556
689,1108,2807,897,2556
690,1108,2807,897,2556
691,1108,2807,897,2556
692,1108,2807,897,2556
693,1108,2807,897,2556
694,1108,2807,897,2556
695,1108,2807,897,2556
696,1108,2807,897,2556
697,1108,2807,897,2556
698,1108,2807,897,2556
699,1108,2807,897,2556
700,1108,2807,897,2556
701,1108,2807,897,2556
702,1108,2807,897,2556
703,1108,2807,897,2556
704,1108,2807,897,2556
705,1108,2807,897,2556
706,1108,2807,897,2556
707,1108,2807,897,2556
708,1108,2807,897,2556
709,1108,2807,897,2556
710,1108,2807,897,2556
711,1108,2807,897,2556
712,1108,2807,897,2556
713,1108,2807,897,2556
714,1108,2807,897,2556
715,1108,2807,897,2556
716,1108,2807,897,2556
717,1108,2807,897,2556
718,1108,2807,897,2556
719,1108,2807,897,2556
720,1108,2807,897,2556
721,1108,2807,897,2556
722,1108,2807,897,2556
723,1108,2807,897,2556
724,1108,2807,897,2556
725,1108,2807,897,2556
726,1108,2807,897,2556
727,1108,2807,897,2556
728,1108,2807,897,2556
729,1108,2807,897,2556
730,1108,2807,897,2556
731,1108,2807,897,2556
732,1108,2807,897,2556
733,1108,2807,897,2556
734,1108,2807,897,2556
735,1108,2807,897,2556
736,1108,2807,897,2556
737,1108,2807,897,2556
738,1108,2807,897,2556
739,1108,2807,897,2556
740,1108,2807,897,2556
741,1108,2807,897,2556
742,1108,2807,897,2556
743,1108,2807,897,2556
744,1108,2807,897,2556
745,1108,2807,897,2556
746,1108,2807,897,2556
747,1108,2807,897,2556
748,1108,2807,897,2556
749,1108,2807,897,2556
750,1108,2807,897,2556
751,1108,2807,897,2556
752,1108,2807,897,2556
753,1108,2807,897,2556
754,1108,2807,897,2556
755,1108,2807,897,2556
756,1108,2807,897,2556
757,1108,2807,897,2556
758,1108,2807,897,2556
759,1108,2807,897,2556
760,1108,2807,897,2556
761,1108,2807,897,2556
762,1108,2807,897,2556
763,1108,2807,897,2556
764,1108,2807,897,2556
765,1108,2807,897,2556
766,1108,2807,897,2556
767,1108,2807,897,2556
768,1108,2807,897,2556
769,1108,2807,897,2556
770,1108,2807,897,2556
771,1108,2807,897,2556
772,1108,2807,897,2556
773,1108,2807,897,2556
774,1108,2807,897,2556
775,1108,2807,897,2556
776,1108,2807,897,2556
777,1108,2807,897,2556
778,1108,2807,897,2556
779,1108,2807,897,2556
780,1108,2807,897,2556
781,1108,2807,897,2556
782,1108,2807,897,2556
783,1108,2807,897,2556
784,1108,2807,897,2556
785,1108,2807,897,2556
786,1108,2807,897,2556
787,1108,2807,897,2556
788,1108,2807,897,2556
789,1108,2807,897,2556
790,1108,2807,897,2556
791,1108,2807,897,2556
792,1108,2807,897,2556
793,1108,2807,897,2556
794,1108,2807,897,2556
795,1108,2807,897,2556
796,1108,2807,897,2556
797,1108,2807,897,2556
798,1108,2807,897,2556
799,1108,2807,897,2556
800,1108,2807,897,2556
801,1108,2807,897,2556
802,1108,2807,897,2556
803,1108,2807,897,2556
804,1108,2807,897,2556
805,1108,2807,897,2556
806,1108,2807,897,2556
807,1108,2807,897,2556
808,1108,2807,897,2556
809,1108,2807,897,2556
810,1108,2807,897,2556
811,1108,2807,897,2556
812,1108,2807,897,2556
813,1108,2807,897,2556
814,1108,2807,897,2556
815,1108,2807,897,2556
816,1108,2807,897,2556
817,1108,2807,897,2556
818,1108,2807,897,2556
819,1108,2807,897,2556
820,1108,2807,897,2556
821,1108,2807,897,2556
822,1108,2807,897,2556
823,1108,2807,897,2556
824,1108,2807,897,2556
825,1108,2807,897,2556
826,1108,2807,897,2556
827,1108,2807,897,2556
828,1108,2807,897,2556
829,1108,2807,897,2556
830,1108,2807,897,2556
831,1108,2807,897,2556
832,1108,2807,897,2556
833,1108,2807,897,2556
834,1108,2807,897,2556
835,1108,2807,897,2556
836,1108,2807,897,2556
837,1108,2807,897,2556
838,1108,2807,897,2556
839,1108,2807,897,2556
840,1108,2807,897,2556
841,1108,2807,897,2556
842,1108,2807,897,2556
843,1108,2807,897,2556
844,1108,2807,897,2556
845,1108,2807,897,2556
846,1108,2807,897,2556
847,1108,2807,897,2556
848,1108,2807,897,2556
849,1108,2807,897,2556
850,1108,2807,897,2556
851,1108,2807,897,2556
852,1108,2807,897,2556
853,1108,2807,897,2556
854,1108,2807,897,2556
855,1150,2859,939,2608
856,1150,2859,939,2608
857,1150,2859,939,2608
858,1206,2859,995,2608
859,1206,2859,995,2608
860,1206,2859,995,2608
861,1206,2859,995,2608
862,1206,2859,995,2608
863,1250,2859,1039,2608
864,1250,2859,1039,2608
865,1250,2859,1039,2608
866,1250,2859,1039,2608
867,1279,2859,1068,2608
868,1279,2859,1068,2608
869,1279,2859,1068,2608
870,1279,2859,1068,2608
871,1315,2859,1104,2608
872,1315,2859,1104,2608
873,1315,2859,1104,2608
874,1315,2859,1104,2608
875,1323,2859,1112,2608
876,1323,2859,1112,2608
877,1323,2859,1112,2608
878,1323,2859,1112,2608
879,1323,2859,1112,2608
880,1323,2859,1112,2608
881,1323,2859,1112,2608
882,1323,2859,1112,2608
883,1323,2859,1112,2608
884,0,0,0,0
885,0,0,0,0
886,0,0,0,0
887,0,0,0,0
888,0,0,0,0
889,0,0,0,0
890,0,0,0,0
891,0,0,0,0
892,0,0,0,0
893,0,0,0,0
894,0,0,0,0
895,0,0,0,0
896,0,0,0,0
897,0,0,0,0
898,0,0,0,0
899,0,0,0,0
900,0,0,0,0
901,0,0,0,0
902,0,0,0,0
903,0,0,0,0
904,0,0,0,0
905,0,0,0,0
906,0,0,0,0
907,0,0,0,0
908,0,0,0,0
909,0,0,0,0
910,0,0,0,0
911,0,0,0,0
912,0,0,0,0
913,0,0,0,0
914,0,0,0,0
915,0,0,0,0
916,0,0,0,0
917,0,0,0,0
918,1322,2410,1130,2125
919,1322,2410,1130,2125
920,1322,2410,1130,2125
921,1322,2390,1130,2105
922,1322,2390,1130,2105
923,1308,2389,1116,2104
924,1308,2389,1116,2104
925,1307,2356,1115,2071
926,1307,2356,1115,2071
927,1307,2356,1115,2071
928,1307,2331,1115,2046
929,1307,2331,1115,2046
930,1290,2331,1098,2046
931,1290,2331,1098,2046
932,1290,2331,1098,2046
933,1265,2331,1073,2046
934,1265,2331,1073,2046
935,1257,2331,1065,2046
936,1257,2331,1065,2046
937,1257,2331,1065,2046
938,1220,2299,1028,2014
939,1220,2299,1028,2014
940,1220,2299,1028,2014
941,1203,2299,1011,2014
942,1203,2299,1011,2014
943,1203,2299,1011,2014
944,1203,2276,1011,1991
945,1203,2276,1011,1991
946,1203,2276,1011,1991
947,1203,2276,1011,1991
948,1203,2276,1011,1991
949,1203,2276,1011,1991
950,1203,2276,1011,1991
951,1203,2276,1011,1991
952,1203,2276,1011,1991
953,1203,2276,1011,1991
954,1192,2263,1000,1978
955,1192,2263,1000,1978
956,1192,2263,1000,1978
957,1192,2263,1000,1978
958,1192,2263,1000,1978
959,1192,2263,1000,1978
960,1192,2263,1000,1978
961,1192,2263,1000,1978
962,1192,2263,1000,1978
963,1192,2263,1000,1978
964,1192,2263,1000,1978
965,1192,2263,1000,1978
966,1192,2263,1000,1978
967,1192,2263,1000,1978
968,1192,2263,1000,1978
969,1192,2263,1000,1978
970,1192,2263,1000,1978
971,1192,2263,1000,1978
972,1192,2263,1000,1978
973,1192,2263,1000,1978
974,1192,2263,1000,1978
975,1192,2263,1000,1978
976,1192,2263,1000,1978
977,1192,2263,1000,1978
978,1192,2263,1000,1978
979,1192,2263,1000,1978
980,1192,2263,1000,1978
981,1193,2263,1001,1978
982,1193,2263,1001,1978
983,1193,2263,1001,1978
984,1193,2263,1001,1978
985,1193,2263,1001,1978
986,1193,2263,1001,1978
987,1193,2263,1001,1978
988,1193,2263,1001,1978
989,1193,2263,1001,1978
990,1193,2263,1001,1978
991,1173,2310,981,2025
992,1173,2310,981,2025
993,1173,2310,981,2025
994,1137,2354,945,2069
995,1137,2354,945,2069
996,1103,2391,911,2106
997,1103,2391,911,2106
998,1067,2391,875,2106
999,1067,2391,875,2106
1000,1067,2391,875,2106
1001,1067,2423,875,2138
1002,1067,2423,875,2138
1003,1043,2450,851,2165
1004,1043,2450,851,2165
1005,1043,2450,851,2165
1006,1043,2468,851,2183
1007,1043,2468,851,2183
1008,1043,2468,851,2183
1009,1043,2506,851,2221
1010,1043,2506,851,2221
1011,1043,2506,851,2221
1012,1061,2506,869,2221
1013,1061,2506,869,2221
1014,1061,2506,869,2221
1015,1061,2506,869,2221
1016,1061,2506,869,2221
1017,1061,2506,869,2221
1018,1061,2506,869,2221
1019,1061,2506,869,2221
1020,1061,2506,869,2221
1021,1061,2506,869,2221
1022,1061,2506,869,2221
1023,1061,2506,869,2221
1024,1061,2506,869,2221
1025,1061,2506,869,2221
1026,1061,2526,869,2241
1027,1061,2526,869,2241
1028,1061,2526,869,2241
1029,1025,2526,833,2241
1030,1025,2526,833,2241
1031,1025,2526,833,2241
1032,1025,2526,833,2241
1033,992,2526,800,2241
1034,992,2526,800,2241
1035,992,2526,800,2241
1036,992,2526,800,2241
1037,992,2526,800,2241
1038,992,2526,800,2241
1039,992,2526,800,2241
1040,992,2526,800,2241
1041,992,2526,800,2241
1042,992,2526,800,2241
1043,906,2526,714,2241
1044,906,2526,714,2241
1045,906,2526,714,2241
1046,889,2552,697,2285
1047,889,2552,697,2285
1048,889,2552,697,2285
1049,840,2552,648,2285
1050,840,2552,648,2285
1051,840,2552,648,2285
1052,840,2552,648,2285
1053,840,2552,648,2285
1054,840,2552,648,2285
1055,840,2552,648,2285
1056,786,2552,594,2285
1057,786,2552,594,2285
1058,786,2552,594,2285
1059,749,2552,557,2285
1060,749,2552,557,2285
1061,749,2552,557,2285
1062,749,2552,557,2285
1063,731,2552,539,2285
1064,731,2552,539,2285
1065,731,2552,539,2285
1066,731,2552,539,2285
1067,694,2552,502,2285
1068,694,2552,502,2285
1069,694,2552,502,2285
1070,694,2552,502,2285
1071,694,2552,502,2285
1072,694,2552,502,2285
1073,661,2552,469,2285
1074,661,2552,469,2285
1075,661,2552,469,2285
1076,661,2552,469,2285
1077,661,2552,469,2285
1078,661,2552,469,2285
1079,661,2552,469,2285
1080,638,2552,446,2285
1081,638,2552,446,2285
1082,638,2552,446,2285
1083,638,2552,446,2285
1084,638,2552,446,2285
1085,638,2552,446,2285
1086,602,2552,410,2285
1087,602,2552,410,2285
1088,602,2552,410,2285
1089,602,2552,410,2285
1090,602,2552,410,2285
1091,602,2552,410,2285
1092,602,2552,410,2285
1093,602,2552,410,2285
1094,602,2552,410,2285
1095,602,2552,410,2285
1096,602,2552,410,2285
1097,602,2552,410,2285
1098,602,2552,410,2285
1099,602,2552,410,2285
1100,602,2552,410,2285
1101,602,2552,410,2285
1102,602,2552,410,2285
1103,602,2552,410,2285
1104,602,2552,410,2285
1105,602,2552,410,2285
1106,602,2552,410,2285
1107,602,2552,410,2285
1108,602,2552,410,2285
1109,602,2552,410,2285
1110,602,2552,410,2285
1111,602,2552,410,2285
1112,602,2552,410,2285
1113,602,2552,410,2285
1114,602,2552,410,2285
1115,602,2552,410,2285
1116,602,2552,410,2285
1117,602,2552,410,2285
1118,602,2552,410,2285
1119,602,2552,410,2285
1120,602,2552,410,2285
1121,602,2552,410,2285
1122,602,2552,410,2285
1123,602,2552,410,2285
1124,602,2552,410,2285
1125,602,2552,410,2285
1126,602,2552,410,2285
1127,602,2552,410,2285
1128,602,2552,410,2285
1129,602,2552,410,2285
1130,602,2552,410,2285
1131,602,2552,410,2285
1132,602,2552,410,2285
1133,602,2552,410,2285
1134,602,2552,410,2285
1135,602,2552,410,2285
1136,602,2552,410,2285
1137,602,2552,410,2285
1138,602,2552,410,2285
1139,602,2552,410,2285
1140,602,2552,410,2285
1141,602,2552,410,2285
1142,602,2552,410,2285
1143,602,2552,410,2285
1144,602,2552,410,2285
1145,602,2552,410,2285
1146,602,2552,410,2285
1147,602,2552,410,2285
1148,602,2552,410,2285
1149,602,2552,410,2285
1150,602,2552,410,2285
1151,602,2552,410,2285
1152,602,2552,410,2285
1153,602,2552,410,2285
1154,602,2552,410,2285
1155,602,2552,410,2285
1156,602,2552,410,2285
1157,602,2552,410,2285
1158,602,2552,410,2285
1159,602,2552,410,2285
1160,602,2552,410,2285
1161,602,2552,410,2285
1162,602,2552,410,2285
1163,602,2552,410,2285
1164,602,2552,410,2285
1165,688,2552,496,2285
1166,688,2552,496,2285
1167,688,2552,496,2285
1168,688,2552,496,2285
1169,688,2552,496,2285
1170,688,2552,496,2285
1171,688,2552,496,2285
1172,688,2552,496,2285
1173,688,2552,496,2285
1174,688,2552,496,2285
1175,688,2552,496,2285
1176,689,2552,497,2285
1177,689,2552,497,2285
1178,689,2552,497,2285
1179,738,2629,546,2362
1180,738,2629,546,2362
1181,738,2629,546,2362
1182,738,2629,546,2362
1183,738,2629,546,2362
1184,738,2629,546,2362
1185,738,2629,546,2362
1186,770,2686,578,2419
1187,770,2686,578,2419
1188,770,2686,578,2419
1189,770,2686,578,2419
1190,796,2707,604,2440
1191,796,2707,604,2440
1192,796,2707,604,2440
1193,796,2707,604,2440
1194,796,2707,604,2440
1195,796,2707,604,2440
1196,796,2707,604,2440
1197,797,2729,605,2462
1198,797,2729,605,2462
1199,797,2729,605,2462
1200,797,2729,605,2462
1201,797,2729,605,2462
1202,828,2762,636,2495
1203,828,2762,636,2495
1204,828,2762,636,2495
1205,828,2762,636,2495
1206,828,2762,636,2495
1207,828,2762,636,2495
1208,828,2762,636,2495
1209,828,2826,636,2559
1210,828,2826,636,2559
1211,828,2826,636,2559
1212,828,2826,636,2559
1213,828,2826,636,2559
1214,828,2826,636,2559
1215,828,2826,636,2559
1216,828,2826,636,2559
1217,828,2826,636,2559
1218,828,2826,636,2559
1219,848,2904,656,2637
1220,848,2904,656,2637
1221,848,2904,656,2637
1222,848,2904,656,2637
1223,848,2904,656,2637
1224,848,2904,656,2637
1225,848,2904,656,2637
1226,848,2904,656,2637
1227,848,2904,656,2637
1228,848,2904,656,2637
1229,875,3001,683,2734
1230,875,3001,683,2734
1231,875,3001,683,2734
1232,875,3001,683,2734
1233,875,3001,683,2734
1234,875,3001,683,2734
1235,875,3001,683,2734
1236,875,3001,683,2734
1237,905,3050,713,2783
1238,905,3050,713,2783
1239,905,3050,713,2783
1240,905,3050,713,2783
1241,905,3050,713,2783
1242,905,3050,713,2783
1243,926,3086,734,2819
1244,926,3086,734,2819
1245,926,3086,734,2819
1246,926,3086,734,2819
1247,926,3086,734,2819
1248,926,3086,734,2819
1249,926,3174,734,2907
1250,926,3174,734,2907
1251,926,3174,734,2907
1252,926,3174,734,2907
1253,926,3174,734,2907
1254,926,3174,734,2907
1255,926,3174,734,2907
1256,926,3174,734,2907
1257,926,3174,734,2907
1258,926,3174,734,2907
1259,965,3234,773,2967
1260,965,3234,773,2967
1261,965,3234,773,2967
1262,965,3234,773,2967
1263,965,3234,773,2967
1264,965,3234,773,2967
1265,965,3234,773,2967
1266,965,3234,773,2967
1267,965,3234,773,2967
1268,1000,3298,808,3031
1269,1000,3298,808,3031
1270,1000,3298,808,3031
1271,1000,3298,808,3031
1272,1000,3298,808,3031
1273,1000,3298,808,3031
1274,1000,3298,808,3031
1275,1000,3298,808,3031
1276,1000,3298,808,3031
1277,1013,3358,821,3091
1278,1013,3358,821,3091
1279,1013,3358,821,3091
1280,1013,3358,821,3091
1281,1013,3358,821,3091
1282,1013,3358,821,3091
1283,1013,3391,821,3124
1284,1013,3391,821,3124
1285,1013,3391,821,3124
1286,1013,3391,821,3124
1287,1013,3391,821,3124
1288,1013,3391,821,3124
1289,1013,3391,821,3124
1290,1013,3391,821,3124
1291,1032,3422,840,3155
1292,1032,3422,840,3155
1293,1032,3422,840,3155
1294,1032,3422,840,3155
1295,1032,3422,840,3155
1296,1032,3422,840,3155
1297,1032,3422,840,3155
1298,1032,3422,840,3155
1299,1031,3469,839,3202
1300,1031,3469,839,3202
1301,1031,3469,839,3202
1302,1017,3502,825,3235
1303,1017,3502,825,3235
1304,1017,3502,825,3235
1305,1017,3502,825,3235
1306,1017,3502,825,3235
1307,1017,3547,825,3280
1308,1017,3547,825,3280
1309,1017,3547,825,3280
1310,1017,3547,825,3280
1311,1017,3547,825,3280
1312,1017,3547,825,3280
1313,1017,3547,825,3280
1314,1017,3547,825,3280
1315,1017,3547,825,3280
1316,1017,3547,825,3280
1317,1017,3597,825,3330
1318,1017,3597,825,3330
1319,1017,3597,825,3330
1320,1017,3597,825,3330
1321,1017,3597,825,3330
1322,1017,3597,825,3330
1323,1017,3655,825,3388
1324,1017,3655,825,3388
1325,1017,3655,825,3388
1326,1017,3655,825,3388
1327,1017,3655,825,3388
1328,1017,3655,825,3388
1329,1017,3655,825,3388
1330,1017,3655,825,3388
1331,1017,3688,825,3421
1332,1017,3688,825,3421
1333,1017,3688,825,3421
1334,1017,3717,825,3450
1335,1017,3717,825,3450
1336,1017,3717,825,3450
1337,1042,3748,850,3481
1338,1042,3748,850,3481
1339,1042,3748,850,3481
1340,1042,3790,850,3523
1341,1042,3790,850,3523
1342,1042,3790,850,3523
1343,1042,3790,850,3523
1344,1042,3790,850,3523
1345,1065,3813,873,3546
1346,1065,3813,873,3546
1347,1065,3813,873,3546
1348,1065,3813,873,3546
1349,1065,3813,873,3546
1350,1083,3843,891,3576
1351,1083,3843,891,3576
1352,1083,3843,891,3576
1353,1083,3843,891,3576
1354,1083,3843,891,3576
1355,1083,3879,891,3612
1356,1083,3879,891,3612
1357,1083,3879,891,3612
1358,1083,3879,891,3612
1359,1083,3879,891,3612
1360,1083,3879,891,3612
1361,1083,3879,891,3612
1362,1083,3879,891,3612
1363,1083,3879,891,3612
1364,1083,3879,891,3612
1365,1083,3879,891,3612
1366,1083,3879,891,3612
1367,1083,3879,891,3612
1368,1083,3879,891,3612
1369,1083,3879,891,3612
1370,1083,3879,891,3612
1371,1083,3879,891,3612
1372,1083,3879,891,3612
1373,1083,3886,891,3619
1374,1083,3886,891,3619
1375,1083,3886,891,3619
1376,1083,3886,891,3619
1377,1083,3886,891,3619
1378,1083,3886,891,3619
1379,1083,3886,891,3619
1380,1083,3898,891,3736
1381,1083,3898,891,3736
1382,1083,3898,891,3736
1383,1083,3898,891,3736
1384,1083,3898,891,3736
1385,1083,3898,891,3736
1386,1083,3898,891,3736
1387,1083,3898,891,3736
1388,1083,3898,891,3736
1389,1083,3898,891,3736
1390,1083,3898,891,3736
1391,1083,3898,891,3736
1392,1083,3898,891,3736
1393,1083,3898,891,3736
1394,1083,3898,891,3736
1395,1083,3898,891,3736
1396,1083,3898,891,3736
1397,1083,3898,891,3736
1398,1083,3898,891,3736
1399,1083,3898,891,3736
1400,1083,3898,891,3736
1401,1083,3898,891,3736
1402,0,0,0,0
1403,0,0,0,0
1404,0,0,0,0
1405,0,0,0,0
1406,0,0,0,0
1407,0,0,0,0
1408,0,0,0,0
1409,0,0,0,0
1410,0,0,0,0
1411,0,0,0,0
1412,0,0,0,0
1413,0,0,0,0
1414,0,0,0,0
1415,0,0,0,0
1416,0,0,0,0
1417,0,0,0,0
1418,0,0,0,0
1419,0,0,0,0
1420,0,0,0,0
1421,0,0,0,0
1422,0,0,0,0
1423,0,0,0,0
1424,0,0,0,0
1425,0,0,0,0
1426,0,0,0,0
1427,0,0,0,0
1428,0,0,0,0
1429,0,0,0,0
1430,0,0,0,0
1431,0,0,0,0
1432,0,0,0,0
1433,0,0,0,0
1434,0,0,0,0
1435,0,0,0,0
1436,0,0,0,0
1437,0,0,0,0
1438,0,0,0,0
1439,0,0,0,0
1440,0,0,0,0
1441,0,0,0,0
1442,0,0,0,0
1443,0,0,0,0
1444,0,0,0,0
1445,0,0,0,0
1446,0,0,0,0
1447,0,0,0,0
1448,0,0,0,0
1449,0,0,0,0
1450,0,0,0,0
1451,0,0,0,0
1452,0,0,0,0
1453,0,0,0,0
1454,0,0,0,0
1455,0,0,0,0
1456,0,0,0,0
1457,0,0,0,0
1458,0,0,0,0
1459,0,0,0,0
1460,0,0,0,0
1461,0,0,0,0
1462,0,0,0,0
1463,0,0,0,0
1464,0,0,0,0
1465,0,0,0,0
1466,0,0,0,0
1467,0,0,0,0
1468,0,0,0,0
1469,0,0,0,0
1470,0,0,0,0
1471,0,0,0,0
1472,0,0,0,0
1473,0,0,0,0
1474,0,0,0,0
1475,0,0,0,0
1476,0,0,0,0
1477,0,0,0,0
1478,0,0,0,0
1479,0,0,0,0
1480,0,0,0,0
1481,0,0,0,0
1482,0,0,0,0
1483,0,0,0,0
1484,0,0,0,0
1485,0,0,0,0
1486,0,0,0,0
1487,0,0,0,0
1488,0,0,0,0
1489,0,0,0,0
1490,0,0,0,0
1491,0,0,0,0
1492,0,0,0,0
1493,0,0,0,0
1494,0,0,0,0
1495,0,0,0,0
1496,0,0,0,0
1497,0,0,0,0
1498,0,0,0,0
1499,0,0,0,0
1500,0,0,0,0
1501,0,0,0,0
1502,0,0,0,0
1503,0,0,0,0
1504,0,0,0,0
1505,0,0,0,0
1506,0,0,0,0
1507,0,0,0,0
1508,0,0,0,0
1509,0,0,0,0
1510,0,0,0,0
1511,0,0,0,0
1512,0,0,0,0
1513,0,0,0,0
1514,0,0,0,0
1515,0,0,0,0
1516,0,0,0,0
1517,0,0,0,0
1518,0,0,0,0
1519,0,0,0,0
1520,0,0,0,0
1521,0,0,0,0
1522,0,0,0,0
1523,0,0,0,0
1524,0,0,0,0
1525,0,0,0,0
1526,0,0,0,0
1527,0,0,0,0
1528,0,0,0,0
1529,0,0,0,0
1530,0,0,0,0
1531,0,0,0,0
1532,0,0,0,0
1533,0,0,0,0
1534,0,0,0,0
1535,0,0,0,0
1536,0,0,0,0
1537,0,0,0,0
1538,0,0,0,0
1539,0,0,0,0
1540,0,0,0,0
1541,0,0,0,0
1542,0,0,0,0
1543,0,0,0,0
1544,0,0,0,0
1545,0,0,0,0
1546,0,0,0,0
1547,0,0,0,0
1548,0,0,0,0
1549,0,0,0,0
1550,0,0,0,0
1551,0,0,0,0
1552,0,0,0,0
1553,0,0,0,0
1554,0,0,0,0
1555,0,0,0,0
1556,0,0,0,0
1557,0,0,0,0
1558,0,0,0,0
1559,0,0,0,0
1560,0,0,0,0
1561,0,0,0,0
1562,0,0,0,0
1563,0,0,0,0
1564,0,0,0,0
1565,0,0,0,0
1566,0,0,0,0
1567,0,0,0,0
1568,0,0,0,0
1569,0,0,0,0
1570,0,0,0,0
1571,0,0,0,0
1572,0,0,0,0
1573,0,0,0,0
1574,0,0,0,0
1575,0,0,0,0
1576,0,0,0,0
1577,0,0,0,0
1578,0,0,0,0
1579,0,0,0,0
1580,0,0,0,0
1581,0,0,0,0
1582,0,0,0,0
1583,0,0,0,0
1584,0,0,0,0
1585,0,0,0,0
1586,0,0,0,0
1587,0,0,0,0
1588,0,0,0,0
1589,0,0,0,0
1590,0,0,0,0
1591,0,0,0,0
1592,0,0,0,0
1593,0,0,0,0
1594,0,0,0,0
1595,0,0,0,0
1596,0,0,0,0
1597,0,0,0,0
1598,0,0,0,0
1599,0,0,0,0
1600,0,0,0,0
1601,0,0,0,0
1602,0,0,0,0
1603,0,0,0,0
1604,0,0,0,0
1605,0,0,0,0
1606,0,0,0,0
1607,0,0,0,0
1608,0,0,0,0
1609,0,0,0,0
1610,0,0,0,0
1611,0,0,0,0
1612,0,0,0,0
1613,0,0,0,0
1614,0,0,0,0
1615,0,0,0,0
1616,1104,3882,895,3673
1617,1104,3882,895,3673
1618,1104,3882,895,3673
1619,1104,3857,895,3648
1620,1104,3857,895,3648
1621,1104,3857,895,3648
1622,1092,3813,864,3584
1623,1092,3813,864,3584
1624,1092,3813,864,3584
1625,1106,3831,846,3562
1626,1106,3793,846,3524
1627,1106,3793,846,3524
1628,1106,3754,846,3485
1629,1106,3754,846,3485
1630,1106,3754,846,3485
1631,1106,3680,846,3411
1632,1106,3680,846,3411
1633,1106,3680,846,3411
1634,1106,3680,846,3411
1635,1106,3615,846,3346
1636,1106,3615,846,3346
1637,1106,3615,846,3346
1638,1106,3615,846,3346
1639,1106,3615,846,3346
1640,1106,3615,846,3346
1641,1106,3615,846,3346
1642,1106,3615,846,3346
1643,1106,3580,846,3311
1644,1106,3580,846,3311
1645,1106,3580,846,3311
1646,1106,3580,846,3311
1647,1106,3487,846,3218
1648,1106,3487,846,3218
1649,1106,3487,846,3218
1650,1106,3487,846,3218
1651,1106,3487,846,3218
1652,1054,3416,794,3147
1653,1054,3416,794,3147
1654,1054,3416,794,3147
1655,1054,3416,794,3147
1656,1054,3363,794,3094
1657,1054,3363,794,3094
1658,1054,3363,794,3094
1659,1028,3304,768,3035
1660,1028,3304,768,3035
1661,1028,3304,768,3035
1662,1028,3304,768,3035
1663,1002,3274,742,3005
1664,1002,3274,742,3005
1665,968,3231,708,2962
1666,968,3231,708,2962
1667,968,3231,708,2962
1668,968,3231,708,2962
1669,968,3231,708,2962
1670,968,3231,708,2962
1671,968,3231,708,2962
1672,968,3231,708,2962
1673,968,3231,708,2962
1674,873,3159,613,2890
1675,873,3159,613,2890
1676,873,3159,613,2890
1677,873,3159,613,2890
1678,843,3159,583,2890
1679,843,3159,583,2890
1680,843,3159,583,2890
1681,843,3159,583,2890
1682,843,3159,583,2890
1683,843,3159,583,2890
1684,843,3159,583,2890
1685,829,3115,569,2846
1686,829,3115,569,2846
1687,829,3115,569,2846
1688,829,3115,569,2846
1689,829,3115,569,2846
1690,829,3115,569,2846
1691,829,3115,569,2846
1692,829,3115,569,2846
1693,829,3115,569,2846
1694,829,3115,569,2846
1695,829,3115,569,2846
1696,829,3055,569,2786
1697,829,3055,569,2786
1698,829,3055,569,2786
1699,829,3055,569,2786
1700,829,3055,569,2786
1701,829,3055,569,2786
1702,829,3032,569,2763
1703,829,3032,569,2763
1704,829,3032,569,2763
1705,829,3032,569,2763
1706,829,3032,569,2763
1707,829,3032,569,2763
1708,829,3032,569,2763
1709,829,3032,569,2763
1710,829,3032,569,2763
1711,829,3032,569,2763
1712,829,3032,569,2763
1713,829,3032,569,2763
1714,829,3032,569,2763
1715,829,3032,569,2763
1716,829,3032,569,2763
1717,829,3032,569,2763
1718,829,3032,569,2763
1719,829,3032,569,2763
1720,829,3032,569,2763
1721,829,3032,569,2763
1722,829,3032,569,2763
1723,829,3032,569,2763
1724,829,3032,569,2763
1725,829,3032,569,2763
1726,829,3032,569,2763
1727,829,3032,569,2763
1728,829,3032,569,2763
1729,829,3032,569,2763
1730,829,3032,569,2763
1731,829,3032,569,2763
1732,829,3032,569,2763
1733,829,3032,569,2763
1734,829,3032,569,2763
1735,829,3032,569,2763
1736,829,3032,569,2763
1737,829,3032,569,2763
1738,829,3032,569,2763
1739,771,3054,511,2785
1740,771,3054,511,2785
1741,771,3054,511,2785
1742,771,3054,511,2785
1743,771,3054,511,2785
1744,771,3054,511,2785
1745,771,3054,511,2785
1746,771,3054,511,2785
1747,771,3054,511,2785
1748,771,3054,511,2785
1749,771,3054,511,2785
1750,771,3054,511,2785
1751,771,3054,511,2785
1752,814,3054,554,2785
1753,814,3054,554,2785
1754,814,3054,554,2785
1755,814,3054,554,2785
1756,814,3054,554,2785
1757,814,3054,554,2785
1758,814,3054,554,2785
1759,814,3054,554,2785
1760,814,3054,554,2785
1761,814,3054,554,2785
1762,835,3054,575,2785
1763,835,3054,575,2785
1764,835,3054,575,2785
1765,835,3054,575,2785
1766,835,3054,575,2785
1767,835,3054,575,2785
1768,835,3054,575,2785
1769,835,3054,575,2785
1770,835,3054,575,2785
1771,835,3054,575,2785
1772,835,3054,575,2785
1773,835,3054,575,2785
1774,835,3054,575,2785
1775,835,3054,575,2785
1776,835,3054,575,2785
1777,835,3054,575,2785
1778,835,3054,575,2785
1779,835,3054,575,2785
1780,835,3054,575,2785
1781,835,3054,575,2785
1782,835,3054,575,2785
1783,835,3054,575,2785
1784,835,3054,575,2785
1785,835,3054,575,2785
1786,835,3054,575,2785
1787,835,3054,575,2785
1788,835,3054,575,2785
1789,835,3054,575,2785
1790,835,2934,575,2665
1791,835,2934,575,2665
1792,835,2934,575,2665
1793,835,2934,575,2665
1794,835,2887,575,2618
1795,835,2887,575,2618
1796,835,2887,575,2618
1797,835,2887,575,2618
1798,835,2887,575,2618
1799,835,2887,575,2618
1800,835,2830,575,2561
1801,835,2830,575,2561
1802,835,2830,575,2561
1803,835,2830,575,2561
1804,835,2830,575,2561
1805,835,2830,575,2561
1806,835,2830,575,2561
1807,835,2830,575,2561
1808,835,2830,575,2561
1809,835,2830,575,2561
1810,835,2773,575,2504
1811,835,2773,575,2504
