1,378,2861,124,2504
2,378,2861,124,2504
3,378,2861,124,2504
4,378,2861,124,2504
5,378,2861,124,2504
6,378,2861,124,2504
7,378,2861,124,2504
8,378,2861,124,2504
9,378,2861,124,2504
10,378,2861,124,2504
11,378,2861,124,2504
12,378,2861,124,2504
13,378,2861,124,2504
14,378,2861,124,2504
15,378,2861,124,2504
16,378,2861,124,2504
17,378,2861,124,2504
18,378,2861,124,2504
19,378,2861,124,2504
20,378,2861,124,2504
21,378,2861,124,2504
22,358,2861,104,2504
23,358,2861,104,2504
24,358,2861,104,2504
25,358,2861,104,2504
26,358,2861,104,2504
27,358,2861,104,2504
28,358,2861,104,2504
29,358,2861,104,2504
30,358,2861,104,2504
31,358,2861,104,2504
32,358,2861,104,2504
33,358,2861,104,2504
34,380,2861,126,2504
35,380,2861,126,2504
36,380,2861,126,2504
37,380,2861,126,2504
38,380,2861,126,2504
39,380,2861,126,2504
40,380,2861,126,2504
41,380,2861,126,2504
42,380,2861,126,2504
43,381,2890,127,2533
44,381,2890,127,2533
45,381,2890,127,2533
46,381,2890,127,2533
47,381,2943,127,2586
48,381,2943,127,2586
49,381,2943,127,2586
50,381,2943,127,2586
51,381,2943,127,2586
52,381,2981,127,2624
53,381,2981,127,2624
54,381,2981,127,2624
55,381,3020,127,2663
56,381,3020,127,2663
57,381,3020,127,2663
58,381,3020,127,2663
59,381,3020,127,2663
60,381,3020,127,2663
61,381,3020,127,2663
62,381,3081,127,2724
63,381,3081,127,2724
64,381,3081,127,2724
65,381,3081,127,2724
66,402,3113,148,2756
67,402,3113,148,2756
68,402,3113,148,2756
69,402,3113,148,2756
70,402,3113,148,2756
71,402,3113,148,2756
72,402,3113,148,2756
73,402,3113,148,2756
74,402,3113,148,2756
75,402,3113,148,2756
76,402,3113,148,2756
77,402,3113,148,2756
78,402,3113,148,2756
79,402,3113,148,2756
80,402,3113,148,2756
81,402,3113,148,2756
82,402,3113,148,2756
83,402,3113,148,2756
84,402,3113,148,2756
85,402,3113,148,2756
86,402,3113,148,2756
87,427,3005,173,2648
88,427,3005,173,2648
89,427,2958,173,2601
90,427,2958,173,2601
91,427,2958,173,2601
92,427,2903,173,2546
93,427,2903,173,2546
94,427,2903,173,2546
95,427,2833,173,2476
96,427,2833,173,2476
97,427,2833,173,2476
98,427,2761,173,2404
99,427,2761,173,2404
100,427,2761,173,2404
101,427,2761,173,2404
102,427,2761,173,2404
103,427,2745,173,2388
104,427,2745,173,2388
105,427,2698,173,2341
106,427,2698,173,2341
107,427,2698,173,2341
108,427,2698,173,2341
109,427,2698,173,2341
110,427,2601,173,2244
111,427,2601,173,2244
112,427,2601,173,2244
113,427,2545,173,2188
114,427,2545,173,2188
115,427,2545,173,2188
116,427,2491,173,2134
117,427,2491,173,2134
118,427,2462,173,2105
119,427,2462,173,2105
120,427,2438,173,2081
121,427,2438,173,2081
122,427,2438,173,2081
123,427,2438,173,2081
124,427,2438,173,2081
125,427,2438,173,2081
126,427,2438,173,2081
127,427,2438,173,2081
128,427,2438,173,2081
129,427,2438,173,2081
130,427,2438,173,2081
131,427,2414,173,2057
132,427,2414,173,2057
133,427,2414,173,2057
134,427,2414,173,2057
135,427,2414,173,2057
136,427,2414,173,2057
137,427,2414,173,2057
138,427,2414,173,2057
139,427,2414,173,2057
140,427,2414,173,2057
141,427,2414,173,2057
142,394,2442,140,2085
143,394,2442,140,2085
144,394,2442,140,2085
145,394,2442,140,2085
146,394,2442,140,2085
147,394,2442,140,2085
148,394,2442,140,2085
149,394,2442,140,2085
150,394,2442,140,2085
151,394,2442,140,2085
152,394,2442,140,2085
153,394,2442,140,2085
154,394,2442,140,2085
155,394,2442,140,2085
156,394,2442,140,2085
157,394,2442,140,2085
158,394,2442,140,2085
159,394,2442,140,2085
160,394,2442,140,2085
161,394,2442,140,2085
162,394,2442,140,2085
163,394,2442,140,2085
164,394,2442,140,2085
165,394,2442,140,2085
166,394,2442,140,2085
167,394,2442,140,2085
168,394,2442,140,2085
169,394,2442,140,2085
170,394,2442,140,2085
171,394,2442,140,2085
172,394,2442,140,2085
173,394,2442,140,2085
174,394,2442,140,2085
175,394,2442,140,2085
176,394,2442,140,2085
177,394,2442,140,2085
178,394,2442,140,2085
179,394,2442,140,2085
180,394,2442,140,2085
181,394,2442,140,2085
182,434,2442,180,2085
183,434,2442,180,2085
184,434,2442,180,2085
185,434,2442,180,2085
186,434,2442,180,2085
187,434,2442,180,2085
188,466,2442,212,2085
189,466,2442,212,2085
190,466,2442,212,2085
191,466,2442,212,2085
192,466,2442,212,2085
193,466,2442,212,2085
194,466,2442,212,2085
195,501,2442,247,2085
196,501,2442,247,2085
197,501,2442,247,2085
198,501,2442,247,2085
199,501,2442,247,2085
200,501,2442,247,2085
201,501,2442,247,2085
202,501,2442,247,2085
203,501,2442,247,2085
204,501,2442,247,2085
205,501,2442,247,2085
206,501,2442,247,2085
207,501,2442,247,2085
208,530,2406,276,2126
209,530,2406,276,2126
210,530,2406,276,2126
211,530,2406,276,2126
212,576,2406,322,2126
213,576,2406,322,2126
214,576,2406,322,2126
215,576,2406,322,2126
216,576,2406,322,2126
217,576,2406,322,2126
218,576,2406,322,2126
219,576,2406,322,2126
220,576,2406,322,2126
221,576,2442,322,2162
222,576,2442,322,2162
223,576,2442,322,2162
224,576,2442,322,2162
225,576,2442,322,2162
226,576,2442,322,2162
227,576,2442,322,2162
228,576,2442,322,2162
229,576,2442,322,2162
230,576,2442,322,2162
231,576,2442,322,2162
232,576,2442,322,2162
233,576,2442,322,2162
234,576,2442,322,2162
235,576,2442,322,2162
236,576,2442,322,2162
237,576,2442,322,2162
238,576,2442,322,2162
239,576,2442,322,2162
240,576,2442,322,2162
241,576,2442,322,2162
242,576,2442,322,2162
243,576,2442,322,2162
244,576,2442,322,2162
245,576,2442,322,2162
246,576,2442,322,2162
247,576,2442,322,2162
248,576,2442,322,2162
249,576,2442,322,2162
250,576,2442,322,2162
251,576,2442,322,2162
252,576,2442,322,2162
253,576,2442,322,2162
254,576,2442,322,2162
255,576,2442,322,2162
256,576,2442,322,2162
257,576,2442,322,2162
258,576,2442,322,2162
259,576,2442,322,2162
260,576,2442,322,2162
261,576,2442,322,2162
262,576,2442,322,2162
263,576,2442,322,2162
264,576,2442,322,2162
265,521,2442,267,2162
266,521,2442,267,2162
267,521,2442,267,2162
268,521,2442,267,2162
269,473,2442,219,2162
270,473,2442,219,2162
271,473,2442,219,2162
272,473,2442,219,2162
273,473,2442,219,2162
274,473,2442,219,2162
275,473,2442,219,2162
276,473,2442,219,2162
277,473,2442,219,2162
278,473,2442,219,2162
279,473,2482,219,2202
280,473,2482,219,2202
281,473,2482,219,2202
282,442,2482,188,2202
283,442,2482,188,2202
284,442,2482,188,2202
285,442,2482,188,2202
286,442,2482,188,2202
287,442,2482,188,2202
288,442,2482,188,2202
289,442,2482,188,2202
290,442,2482,188,2202
291,412,2482,158,2202
292,412,2482,158,2202
293,412,2514,158,2234
294,412,2514,158,2234
295,412,2514,158,2234
296,412,2514,158,2234
297,381,2514,127,2234
298,381,2514,127,2234
299,381,2514,127,2234
300,381,2514,127,2234
301,381,2514,127,2234
302,381,2514,127,2234
303,381,2514,127,2234
304,381,2514,127,2234
305,381,2514,127,2234
306,381,2514,127,2234
307,381,2514,127,2234
308,381,2514,127,2234
309,358,2570,104,2290
310,358,2570,104,2290
311,358,2570,104,2290
312,358,2570,104,2290
313,358,2570,104,2290
314,358,2570,104,2290
315,358,2570,104,2290
316,358,2611,104,2331
317,358,2611,104,2331
318,358,2611,104,2331
319,358,2611,104,2331
320,358,2611,104,2331
321,358,2611,104,2331
322,343,2611,89,2331
323,343,2611,89,2331
324,343,2611,89,2331
325,343,2611,89,2331
326,343,2611,89,2331
327,343,2611,89,2331
328,343,2611,89,2331
329,343,2611,89,2331
330,343,2611,89,2331
331,343,2611,89,2331
332,343,2611,89,2331
333,343,2611,89,2331
334,343,2611,89,2331
335,343,2611,89,2331
336,286,2655,32,2375
337,286,2655,32,2375
338,286,2655,32,2375
339,286,2655,32,2375
340,286,2655,32,2375
341,286,2655,32,2375
342,286,2655,32,2375
343,265,2771,11,2491
344,265,2771,11,2491
345,265,2771,11,2491
346,265,2771,11,2491
347,265,2771,11,2491
348,265,2771,11,2491
349,265,2771,11,2491
350,265,2771,11,2491
351,265,2771,11,2491
352,265,2771,11,2491
353,265,2771,11,2491
354,265,2771,11,2491
355,265,2806,11,2526
356,265,2806,11,2526
357,265,2806,11,2526
358,265,2806,11,2526
359,265,2806,11,2526
360,265,2806,11,2526
361,265,2806,11,2526
362,265,2806,11,2526
363,265,2806,11,2526
364,265,2806,11,2526
365,265,2806,11,2526
366,272,2848,18,2568
367,272,2848,18,2568
368,272,2848,18,2568
369,272,2848,18,2568
370,272,2848,18,2568
371,272,2848,18,2568
372,272,2848,18,2568
373,272,2848,18,2568
374,272,2848,18,2568
375,272,2848,18,2568
376,272,2848,18,2568
377,272,2848,18,2568
378,272,2848,18,2568
379,272,2848,18,2568
380,272,2848,18,2568
381,272,2848,18,2568
382,272,2848,18,2568
383,272,2848,18,2568
384,272,2848,18,2568
385,272,2848,18,2568
386,272,2848,18,2568
387,272,2848,18,2568
388,272,2848,18,2568
389,272,2848,18,2568
390,272,2848,18,2568
391,272,2848,18,2568
392,272,2848,18,2568
393,272,2848,18,2568
394,272,2848,18,2568
395,272,2848,18,2568
396,272,2848,18,2568
397,272,2848,18,2568
398,272,2848,18,2568
399,272,2848,18,2568
400,272,2848,18,2568
401,272,2848,18,2568
402,272,2848,18,2568
403,272,2848,18,2568
404,272,2848,18,2568
405,272,2848,18,2568
406,272,2848,18,2568
407,272,2848,18,2568
408,301,2848,47,2568
409,301,2848,47,2568
410,301,2848,47,2568
411,301,2848,47,2568
412,301,2848,47,2568
413,301,2848,47,2568
414,301,2848,47,2568
415,301,2848,47,2568
416,301,2848,47,2568
417,301,2848,47,2568
418,301,2848,47,2568
419,301,2848,47,2568
420,301,2848,47,2568
421,301,2848,47,2568
422,301,2848,47,2568
423,301,2848,47,2568
424,301,2848,47,2568
425,302,2797,48,2517
426,302,2797,48,2517
427,302,2797,48,2517
428,302,2797,48,2517
429,302,2797,48,2517
430,302,2797,48,2517
431,302,2797,48,2517
432,302,2797,48,2517
433,302,2797,48,2517
434,302,2797,48,2517
435,302,2797,48,2517
436,302,2797,48,2517
437,302,2797,48,2517
438,302,2797,48,2517
439,302,2797,48,2517
440,302,2797,48,2517
441,302,2797,48,2517
442,302,2797,48,2517
443,302,2797,48,2517
444,302,2797,48,2517
445,302,2797,48,2517
446,302,2797,48,2517
447,302,2797,48,2517
448,302,2797,48,2517
449,302,2797,48,2517
450,302,2797,48,2517
451,302,2797,48,2517
452,302,2797,48,2517
453,302,2797,48,2517
454,302,2797,48,2517
455,302,2797,48,2517
456,302,2797,48,2517
457,302,2797,48,2517
458,302,2797,48,2517
459,302,2834,48,2554
460,302,2834,48,2554
461,302,2834,48,2554
462,302,2834,48,2554
463,302,2834,48,2554
464,302,2834,48,2554
465,302,2834,48,2554
466,302,2834,48,2554
467,302,2834,48,2554
468,302,2834,48,2554
469,302,2834,48,2554
470,302,2834,48,2554
471,302,2834,48,2554
472,302,2834,48,2554
473,302,2872,48,2592
474,302,2872,48,2592
475,302,2872,48,2592
476,302,2872,48,2592
477,302,2872,48,2592
478,302,2872,48,2592
479,302,2872,48,2592
480,302,2872,48,2592
481,302,2872,48,2592
482,302,2872,48,2592
483,302,2872,48,2592
484,302,2872,48,2592
485,302,2872,48,2592
486,302,2872,48,2592
487,302,2872,48,2592
488,302,2872,48,2592
489,302,2872,48,2592
490,302,2872,48,2592
491,302,2872,48,2592
492,302,2872,48,2592
493,302,2872,48,2592
494,302,2872,48,2592
495,302,2872,48,2592
496,302,2872,48,2592
497,302,2872,48,2592
498,302,2872,48,2592
499,302,2872,48,2592
500,302,2872,48,2592
501,302,2872,48,2592
502,302,2872,48,2592
503,302,2872,48,2592
504,302,2872,48,2592
505,302,2872,48,2592
506,302,2872,48,2592
507,302,2872,48,2592
508,302,2872,48,2592
509,302,2872,48,2592
510,302,2872,48,2592
511,302,2872,48,2592
512,302,2872,48,2592
513,302,2872,48,2592
514,302,2872,48,2592
515,302,2872,48,2592
516,302,2872,48,2592
517,302,2872,48,2592
518,302,2872,48,2592
519,302,2872,48,2592
520,302,2872,48,2592
521,302,2872,48,2592
522,302,2872,48,2592
523,302,2872,48,2592
524,302,2872,48,2592
525,302,2872,48,2592
526,302,2872,48,2592
527,302,2872,48,2592
528,302,2872,48,2592
529,302,2872,48,2592
530,302,2872,48,2592
531,302,2872,48,2592
532,302,2872,48,2592
533,302,2872,48,2592
534,302,2872,48,2592
535,302,2872,48,2592
536,302,2872,48,2592
537,302,2872,48,2592
538,302,2872,48,2592
539,302,2872,48,2592
540,302,2872,48,2592
541,302,2872,48,2592
542,302,2872,48,2592
543,302,2872,48,2592
544,302,2872,48,2592
545,302,2872,48,2592
546,302,2872,48,2592
547,302,2872,48,2592
548,302,2872,48,2592
549,302,2872,48,2592
550,302,2872,48,2592
551,302,2872,48,2592
552,302,2872,48,2592
553,302,2872,48,2592
554,302,2872,48,2592
555,302,2872,48,2592
556,302,2872,48,2592
557,302,2872,48,2592
558,302,2872,48,2592
559,302,2872,48,2592
560,302,2872,48,2592
561,302,2872,48,2592
562,302,2872,48,2592
563,302,2872,48,2592
564,302,2872,48,2592
565,302,2872,48,2592
566,302,2872,48,2592
567,302,2872,48,2592
568,322,2819,68,2539
569,322,2819,68,2539
570,322,2819,68,2539
571,322,2819,68,2539
572,322,2819,68,2539
573,322,2819,68,2539
574,322,2819,68,2539
575,322,2819,68,2539
576,322,2819,68,2539
577,322,2819,68,2539
578,322,2819,68,2539
579,322,2819,68,2539
580,322,2819,68,2539
581,322,2819,68,2539
582,322,2819,68,2539
583,322,2819,68,2539
584,322,2819,68,2539
585,322,2819,68,2539
586,322,2819,68,2539
587,322,2819,68,2539
588,322,2819,68,2539
589,322,2819,68,2539
590,322,2819,68,2539
591,322,2819,68,2539
592,322,2819,68,2539
593,322,2819,68,2539
594,322,2819,68,2539
595,322,2819,68,2539
596,322,2819,68,2539
597,322,2819,68,2539
598,322,2819,68,2539
599,322,2819,68,2539
600,322,2819,68,2539
601,322,2819,68,2539
602,322,2819,68,2539
603,322,2819,68,2539
604,322,2819,68,2539
605,322,2819,68,2539
606,322,2819,68,2539
607,322,2819,68,2539
608,322,2819,68,2539
609,322,2819,68,2539
610,322,2819,68,2539
611,322,2819,68,2539
612,322,2819,68,2539
613,322,2819,68,2539
614,322,2819,68,2539
615,322,2819,68,2539
616,322,2819,68,2539
617,322,2819,68,2539
618,322,2819,68,2539
619,322,2819,68,2539
620,322,2819,68,2539
621,322,2819,68,2539
622,322,2819,68,2539
623,322,2819,68,2539
624,322,2819,68,2539
625,322,2819,68,2539
626,322,2819,68,2539
627,322,2819,68,2539
628,322,2819,68,2539
629,322,2819,68,2539
630,322,2819,68,2539
631,322,2819,68,2539
632,322,2819,68,2539
633,322,2819,68,2539
634,322,2819,68,2539
635,322,2819,68,2539
636,322,2819,68,2539
637,322,2819,68,2539
638,322,2819,68,2539
639,322,2819,68,2539
640,322,2819,68,2539
641,322,2819,68,2539
642,322,2819,68,2539
643,322,2819,68,2539
644,322,2819,68,2539
645,322,2819,68,2539
646,322,2819,68,2539
647,322,2819,68,2539
648,322,2819,68,2539
649,322,2819,68,2539
650,322,2819,68,2539
651,322,2819,68,2539
652,322,2819,68,2539
653,322,2819,68,2539
654,322,2819,68,2539
655,322,2819,68,2539
656,322,2819,68,2539
657,322,2819,68,2539
658,322,2819,68,2539
659,322,2819,68,2539
660,322,2819,68,2539
661,322,2819,68,2539
662,322,2819,68,2539
663,322,2819,68,2539
664,322,2819,68,2539
665,322,2819,68,2539
666,322,2819,68,2539
667,322,2819,68,2539
668,322,2819,68,2539
669,322,2819,68,2539
670,322,2819,68,2539
671,322,2819,68,2539
672,322,2819,68,2539
673,322,2819,68,2539
674,322,2819,68,2539
675,322,2819,68,2539
676,322,2819,68,2539
677,322,2819,68,2539
678,322,2819,68,2539
679,322,2819,68,2539
680,322,2819,68,2539
681,322,2819,68,2539
682,322,2819,68,2539
683,322,2819,68,2539
684,322,2819,68,2539
685,322,2819,68,2539
686,322,2819,68,2539
687,322,2819,68,2539
688,322,2819,68,2539
689,322,2819,68,2539
690,322,2819,68,2539
691,322,2819,68,2539
692,322,2819,68,2539
693,322,2819,68,2539
694,322,2819,68,2539
695,322,2819,68,2539
696,322,2819,68,2539
697,322,2819,68,2539
698,322,2819,68,2539
699,322,2819,68,2539
700,322,2819,68,2539
701,322,2819,68,2539
702,322,2819,68,2539
703,322,2819,68,2539
704,322,2819,68,2539
705,322,2819,68,2539
706,322,2819,68,2539
707,322,2819,68,2539
708,322,2819,68,2539
709,322,2819,68,2539
710,322,2819,68,2539
711,322,2819,68,2539
712,322,2819,68,2539
713,322,2819,68,2539
714,322,2819,68,2539
715,322,2819,68,2539
716,322,2819,68,2539
717,322,2819,68,2539
718,322,2819,68,2539
719,322,2819,68,2539
720,322,2819,68,2539
721,322,2819,68,2539
722,322,2819,68,2539
723,322,2819,68,2539
724,322,2819,68,2539
725,322,2819,68,2539
726,322,2819,68,2539
727,322,2819,68,2539
728,322,2819,68,2539
729,322,2819,68,2539
730,322,2819,68,2539
731,322,2819,68,2539
732,322,2819,68,2539
733,322,2819,68,2539
734,322,2819,68,2539
735,322,2819,68,2539
736,322,2819,68,2539
737,322,2819,68,2539
738,322,2819,68,2539
739,322,2819,68,2539
740,322,2819,68,2539
741,322,2819,68,2539
742,322,2819,68,2539
743,322,2819,68,2539
744,322,2819,68,2539
745,322,2819,68,2539
746,322,2819,68,2539
747,322,2819,68,2539
748,322,2819,68,2539
749,322,2819,68,2539
750,322,2819,68,2539
751,322,2819,68,2539
752,322,2819,68,2539
753,322,2819,68,2539
754,322,2819,68,2539
755,322,2819,68,2539
756,322,2819,68,2539
757,322,2819,68,2539
758,322,2819,68,2539
759,322,2819,68,2539
760,322,2819,68,2539
761,322,2819,68,2539
762,322,2819,68,2539
763,322,2819,68,2539
764,322,2819,68,2539
765,322,2819,68,2539
766,322,2819,68,2539
767,322,2819,68,2539
768,322,2819,68,2539
769,322,2819,68,2539
770,322,2819,68,2539
771,322,2819,68,2539
772,322,2819,68,2539
773,322,2819,68,2539
774,322,2819,68,2539
775,322,2819,68,2539
776,322,2819,68,2539
777,322,2819,68,2539
778,322,2819,68,2539
779,322,2819,68,2539
780,322,2819,68,2539
781,322,2819,68,2539
782,322,2819,68,2539
783,322,2819,68,2539
784,322,2819,68,2539
785,322,2819,68,2539
786,322,2819,68,2539
787,322,2819,68,2539
788,322,2819,68,2539
789,322,2819,68,2539
790,322,2819,68,2539
791,322,2819,68,2539
792,322,2819,68,2539
793,322,2819,68,2539
794,322,2819,68,2539
795,322,2819,68,2539
796,322,2819,68,2539
797,322,2819,68,2539
798,322,2819,68,2539
799,322,2819,68,2539
800,322,2819,68,2539
801,322,2819,68,2539
802,322,2819,68,2539
803,322,2819,68,2539
804,322,2819,68,2539
805,322,2819,68,2539
806,322,2819,68,2539
807,322,2819,68,2539
808,322,2819,68,2539
809,322,2819,68,2539
810,322,2819,68,2539
811,322,2819,68,2539
812,322,2819,68,2539
813,322,2819,68,2539
814,322,2819,68,2539
815,322,2819,68,2539
816,322,2819,68,2539
817,322,2819,68,2539
818,322,2819,68,2539
819,322,2819,68,2539
820,322,2819,68,2539
821,322,2819,68,2539
822,322,2819,68,2539
823,322,2819,68,2539
824,322,2819,68,2539
825,322,2819,68,2539
826,322,2819,68,2539
827,322,2819,68,2539
828,322,2819,68,2539
829,322,2819,68,2539
830,322,2819,68,2539
831,322,2819,68,2539
832,322,2819,68,2539
833,322,2819,68,2539
834,322,2819,68,2539
835,322,2819,68,2539
836,322,2819,68,2539
837,322,2819,68,2539
838,322,2819,68,2539
839,322,2819,68,2539
840,322,2819,68,2539
841,322,2819,68,2539
842,322,2819,68,2539
843,322,2819,68,2539
844,322,2819,68,2539
845,322,2819,68,2539
846,322,2819,68,2539
847,322,2819,68,2539
848,322,2819,68,2539
849,322,2819,68,2539
850,322,2819,68,2539
851,322,2819,68,2539
852,322,2819,68,2539
853,322,2819,68,2539
854,322,2902,68,2622
855,322,2902,68,2622
856,322,2902,68,2622
857,322,2902,68,2622
858,322,2902,68,2622
859,322,2902,68,2622
860,322,2902,68,2622
861,322,2902,68,2622
862,322,2902,68,2622
863,322,2902,68,2622
864,322,2902,68,2622
865,322,2988,68,2708
866,322,2988,68,2708
867,322,2988,68,2708
868,322,2988,68,2708
869,345,3063,91,2783
870,345,3063,91,2783
871,345,3063,91,2783
872,374,3117,120,2837
873,374,3117,120,2837
874,374,3117,120,2837
875,374,3117,120,2837
876,374,3117,120,2837
877,374,3117,120,2837
878,374,3136,120,2856
879,374,3136,120,2856
880,374,3136,120,2856
881,374,3136,120,2856
882,374,3136,120,2856
883,374,3136,120,2856
884,374,3136,120,2856
885,374,3136,120,2856
886,374,3136,120,2856
887,374,3136,120,2856
888,374,3136,120,2856
889,374,3136,120,2856
890,374,3136,120,2856
891,374,3136,120,2856
892,374,3136,120,2856
893,374,3136,120,2856
894,374,3136,120,2856
895,397,3059,143,2779
896,397,3059,143,2779
897,397,3024,143,2744
898,397,3024,143,2744
899,397,2969,143,2689
900,397,2969,143,2689
901,397,2969,143,2689
902,397,2969,143,2689
903,397,2969,143,2689
904,397,2870,143,2590
905,397,2870,143,2590
906,397,2804,143,2524
907,397,2804,143,2524
908,397,2804,143,2524
909,397,2733,143,2453
910,397,2733,143,2453
911,397,2712,143,2432
912,397,2712,143,2432
913,397,2712,143,2432
914,397,2652,143,2372
915,397,2652,143,2372
916,397,2652,143,2372
917,397,2580,143,2300
918,397,2580,143,2300
919,397,2580,143,2300
920,429,2553,175,2273
921,429,2553,175,2273
922,429,2514,175,2234
923,429,2514,175,2234
924,429,2514,175,2234
925,429,2486,175,2206
926,429,2486,175,2206
927,429,2486,175,2206
928,429,2486,175,2206
929,429,2486,175,2206
930,429,2486,175,2206
931,429,2486,175,2206
932,429,2486,175,2206
933,429,2486,175,2206
934,468,2486,214,2206
935,468,2486,214,2206
936,468,2486,214,2206
937,511,2530,257,2250
938,511,2530,257,2250
939,511,2530,257,2250
940,542,2569,288,2289
941,542,2569,288,2289
942,542,2569,288,2289
943,542,2569,288,2289
944,587,2586,333,2306
945,587,2586,333,2306
946,587,2586,333,2306
947,587,2586,333,2306
948,587,2586,333,2306
949,587,2586,333,2306
950,587,2586,333,2306
951,623,2675,369,2395
952,623,2675,369,2395
953,623,2675,369,2395
954,663,2701,409,2421
955,663,2701,409,2421
956,663,2701,409,2421
957,684,2733,430,2453
958,684,2733,430,2453
959,684,2733,430,2453
960,684,2733,430,2453
961,717,2763,463,2483
962,717,2763,463,2483
963,717,2763,463,2483
964,763,2802,509,2522
965,763,2802,509,2522
966,763,2802,509,2522
967,763,2802,509,2522
968,799,2843,545,2563
969,799,2843,545,2563
970,799,2843,545,2563
971,799,2843,545,2563
972,868,2898,614,2618
973,868,2898,614,2618
974,868,2898,614,2618
975,868,2929,614,2649
976,868,2929,614,2649
977,868,2929,614,2649
978,868,2929,614,2649
979,868,2929,614,2649
980,868,2929,614,2649
981,868,2929,614,2649
982,868,2929,614,2649
983,868,2929,614,2649
984,868,2929,614,2649
985,868,2929,614,2649
986,868,2929,614,2649
987,810,3020,556,2740
988,810,3020,556,2740
989,810,3020,556,2740
990,789,3020,535,2740
991,789,3020,535,2740
992,789,3020,535,2740
993,770,3073,516,2793
994,770,3073,516,2793
995,770,3073,516,2793
996,717,3073,463,2793
997,717,3073,463,2793
998,717,3073,463,2793
999,717,3121,463,2841
1000,717,3121,463,2841
1001,693,3121,439,2841
1002,693,3121,439,2841
1003,693,3121,439,2841
1004,693,3121,439,2841
1005,693,3121,439,2841
1006,693,3121,439,2841
1007,693,3121,439,2841
1008,693,3121,439,2841
1009,693,3121,439,2841
1010,693,3121,439,2841
1011,693,3121,439,2841
1012,693,3121,439,2841
1013,693,3121,439,2841
1014,693,3121,439,2841
1015,693,3121,439,2841
1016,693,3121,439,2841
1017,693,3121,439,2841
1018,693,3121,439,2841
1019,693,3121,439,2841
1020,693,3121,439,2841
1021,693,3121,439,2841
1022,693,3121,439,2841
1023,693,3121,439,2841
1024,693,3121,439,2841
1025,693,3121,439,2841
1026,693,3121,439,2841
1027,693,3038,439,2758
1028,693,3038,439,2758
1029,669,3004,415,2724
1030,669,3004,415,2724
1031,669,2968,415,2688
1032,669,2968,415,2688
1033,669,2927,415,2647
1034,669,2927,415,2647
1035,669,2927,415,2647
1036,669,2927,415,2647
1037,639,2904,385,2624
1038,639,2904,385,2624
1039,639,2904,385,2624
1040,639,2904,385,2624
1041,639,2904,385,2624
1042,643,2873,389,2593
1043,643,2873,389,2593
1044,643,2816,389,2536
1045,643,2816,389,2536
1046,643,2816,389,2536
1047,643,2816,389,2536
1048,643,2816,389,2536
1049,643,2816,389,2536
1050,643,2816,389,2536
1051,643,2772,389,2492
1052,643,2772,389,2492
1053,643,2772,389,2492
1054,643,2772,389,2492
1055,643,2772,389,2492
1056,643,2772,389,2492
1057,643,2772,389,2492
1058,643,2721,389,2441
1059,643,2721,389,2441
1060,643,2721,389,2441
1061,643,2721,389,2441
1062,643,2721,389,2441
1063,643,2721,389,2441
1064,643,2721,389,2441
1065,643,2721,389,2441
1066,643,2721,389,2441
1067,643,2699,389,2419
1068,643,2699,389,2419
1069,643,2699,389,2419
1070,643,2699,389,2419
1071,643,2699,389,2419
1072,643,2699,389,2419
1073,643,2699,389,2419
1074,643,2699,389,2419
1075,643,2699,389,2419
1076,643,2699,389,2419
1077,643,2699,389,2419
1078,643,2699,389,2419
1079,643,2656,389,2376
1080,643,2656,389,2376
1081,643,2656,389,2376
1082,643,2656,389,2376
1083,643,2656,389,2376
1084,643,2656,389,2376
1085,643,2656,389,2376
1086,643,2656,389,2376
1087,643,2656,389,2376
1088,643,2656,389,2376
1089,643,2656,389,2376
1090,643,2656,389,2376
1091,643,2656,389,2376
1092,643,2656,389,2376
1093,643,2656,389,2376
1094,643,2656,389,2376
1095,643,2656,389,2376
1096,643,2656,389,2376
1097,643,2656,389,2376
1098,643,2656,389,2376
1099,643,2656,389,2376
1100,643,2656,389,2376
1101,643,2656,389,2376
1102,643,2656,389,2376
1103,643,2656,389,2376
1104,643,2656,389,2376
1105,643,2656,389,2376
1106,643,2656,389,2376
1107,643,2656,389,2376
1108,643,2656,389,2376
1109,643,2656,389,2376
1110,643,2656,389,2376
1111,643,2656,389,2376
1112,643,2656,389,2376
1113,643,2656,389,2376
1114,643,2656,389,2376
1115,643,2656,389,2376
1116,643,2656,389,2376
1117,643,2656,389,2376
1118,643,2656,389,2376
1119,643,2656,389,2376
1120,643,2656,389,2376
1121,643,2656,389,2376
1122,643,2656,389,2376
1123,643,2656,389,2376
1124,643,2656,389,2376
1125,643,2656,389,2376
1126,643,2656,389,2376
1127,643,2656,389,2376
1128,643,2656,389,2376
1129,643,2656,389,2376
1130,643,2656,389,2376
1131,643,2656,389,2376
1132,643,2656,389,2376
1133,643,2656,389,2376
1134,643,2656,389,2376
1135,643,2656,389,2376
1136,643,2656,389,2376
1137,643,2656,389,2376
1138,643,2656,389,2376
1139,643,2656,389,2376
1140,643,2656,389,2376
1141,643,2656,389,2376
1142,643,2656,389,2376
1143,643,2656,389,2376
1144,643,2656,389,2376
1145,643,2656,389,2376
1146,643,2656,389,2376
1147,643,2656,389,2376
1148,643,2656,389,2376
1149,643,2656,389,2376
1150,643,2656,389,2376
1151,643,2656,389,2376
1152,643,2656,389,2376
1153,643,2656,389,2376
1154,643,2656,389,2376
1155,643,2656,389,2376
1156,643,2656,389,2376
1157,643,2656,389,2376
1158,643,2656,389,2376
1159,643,2656,389,2376
1160,643,2656,389,2376
1161,643,2656,389,2376
1162,643,2656,389,2376
1163,643,2656,389,2376
1164,643,2656,389,2376
1165,643,2656,389,2376
1166,643,2656,389,2376
1167,643,2656,389,2376
1168,643,2656,389,2376
1169,643,2656,389,2376
1170,643,2656,389,2376
1171,529,2657,275,2377
1172,529,2657,275,2377
1173,529,2657,275,2377
1174,462,2657,208,2377
1175,462,2657,208,2377
1176,462,2657,208,2377
1177,462,2657,208,2377
1178,462,2657,208,2377
1179,462,2657,208,2377
1180,462,2657,208,2377
1181,462,2657,208,2377
1182,462,2657,208,2377
1183,462,2657,208,2377
1184,383,2657,129,2377
1185,383,2657,129,2377
1186,383,2657,129,2377
1187,383,2657,129,2377
1188,383,2657,129,2377
1189,383,2657,129,2377
1190,383,2657,129,2377
1191,383,2657,129,2377
1192,383,2612,129,2332
1193,383,2612,129,2332
1194,383,2612,129,2332
1195,383,2612,129,2332
1196,383,2612,129,2332
1197,383,2612,129,2332
1198,383,2612,129,2332
1199,383,2612,129,2332
1200,383,2612,129,2332
1201,383,2612,129,2332
1202,383,2612,129,2332
1203,383,2523,129,2243
1204,383,2523,129,2243
1205,383,2523,129,2243
1206,383,2523,129,2243
1207,383,2523,129,2243
1208,383,2523,129,2243
1209,383,2523,129,2243
1210,383,2523,129,2243
1211,383,2523,129,2243
1212,383,2523,129,2243
1213,383,2523,129,2243
1214,383,2523,129,2243
1215,383,2454,129,2174
1216,383,2454,129,2174
1217,383,2454,129,2174
1218,383,2454,129,2174
1219,383,2429,129,2149
1220,383,2429,129,2149
1221,383,2429,129,2149
1222,383,2429,129,2149
1223,383,2429,129,2149
1224,383,2429,129,2149
1225,383,2429,129,2149
1226,383,2429,129,2149
1227,409,2400,155,2120
1228,409,2400,155,2120
1229,409,2400,155,2120
1230,409,2400,155,2120
1231,429,2360,175,2080
1232,429,2360,175,2080
1233,429,2360,175,2080
1234,429,2360,175,2080
1235,429,2360,175,2080
1236,429,2360,175,2080
1237,429,2360,175,2080
1238,429,2360,175,2080
1239,448,2320,194,2040
1240,448,2320,194,2040
1241,448,2320,194,2040
1242,448,2320,194,2040
1243,448,2320,194,2040
1244,448,2320,194,2040
1245,448,2320,194,2040
1246,485,2289,231,2009
1247,485,2289,231,2009
1248,485,2289,231,2009
1249,485,2289,231,2009
1250,485,2289,231,2009
1251,485,2289,231,2009
1252,485,2289,231,2009
1253,485,2289,231,2009
1254,485,2289,231,2009
1255,529,2264,275,1984
1256,529,2264,275,1984
1257,529,2264,275,1984
1258,529,2264,275,1984
1259,529,2264,275,1984
1260,529,2264,275,1984
1261,564,2264,310,1984
1262,564,2264,310,1984
1263,564,2264,310,1984
1264,564,2264,310,1984
1265,564,2264,310,1984
1266,564,2264,310,1984
1267,564,2264,310,1984
1268,564,2264,310,1984
1269,564,2264,310,1984
1270,589,2264,335,1984
1271,589,2264,335,1984
1272,589,2264,335,1984
1273,589,2264,335,1984
1274,589,2264,335,1984
1275,621,2264,367,1984
1276,621,2264,367,1984
1277,621,2264,367,1984
1278,621,2264,367,1984
1279,621,2264,367,1984
1280,640,2223,386,1943
1281,640,2223,386,1943
1282,640,2223,386,1943
1283,672,2223,418,1943
1284,672,2223,418,1943
1285,672,2223,418,1943
1286,672,2223,418,1943
1287,672,2223,418,1943
1288,672,2223,418,1943
1289,672,2223,418,1943
1290,672,2223,418,1943
1291,672,2223,418,1943
1292,672,2223,418,1943
1293,672,2223,418,1943
1294,672,2223,418,1943
1295,672,2223,418,1943
1296,672,2223,418,1943
1297,672,2223,418,1943
1298,672,2223,418,1943
1299,672,2223,418,1943
1300,672,2223,418,1943
1301,672,2223,418,1943
1302,672,2223,418,1943
1303,672,2223,418,1943
1304,672,2223,418,1943
1305,672,2223,418,1943
1306,672,2223,418,1943
1307,672,2223,418,1943
1308,672,2223,418,1943
1309,672,2223,418,1943
1310,672,2223,418,1943
1311,672,2223,418,1943
1312,639,2223,385,1943
1313,639,2223,385,1943
1314,639,2223,385,1943
1315,639,2223,385,1943
1316,639,2223,385,1943
1317,639,2223,385,1943
1318,639,2223,385,1943
1319,639,2223,385,1943
1320,639,2223,385,1943
1321,639,2223,385,1943
1322,639,2223,385,1943
1323,570,2223,316,1943
1324,570,2223,316,1943
1325,570,2223,316,1943
1326,570,2223,316,1943
1327,570,2223,316,1943
1328,570,2223,316,1943
1329,570,2223,316,1943
1330,570,2223,316,1943
1331,501,2223,247,1943
1332,501,2223,247,1943
1333,501,2223,247,1943
1334,501,2223,247,1943
1335,501,2223,247,1943
1336,501,2223,247,1943
1337,501,2223,247,1943
1338,501,2223,247,1943
1339,501,2223,247,1943
1340,501,2223,247,1943
1341,501,2223,247,1943
1342,501,2223,247,1943
1343,501,2223,247,1943
1344,501,2223,247,1943
1345,470,2223,216,1943
1346,470,2223,216,1943
1347,470,2223,216,1943
1348,470,2223,216,1943
1349,470,2223,216,1943
1350,470,2223,216,1943
1351,470,2223,216,1943
1352,470,2223,216,1943
1353,470,2223,216,1943
1354,470,2223,216,1943
1355,433,2223,179,1943
1356,433,2223,179,1943
1357,433,2223,179,1943
1358,433,2223,179,1943
1359,433,2223,179,1943
1360,433,2223,179,1943
1361,433,2223,179,1943
1362,433,2223,179,1943
1363,433,2223,179,1943
1364,433,2223,179,1943
1365,433,2223,179,1943
1366,433,2223,179,1943
1367,433,2223,179,1943
1368,433,2223,179,1943
1369,433,2223,179,1943
1370,433,2223,179,1943
1371,433,2223,179,1943
1372,433,2223,179,1943
1373,433,2223,179,1943
1374,433,2223,179,1943
1375,433,2223,179,1943
1376,433,2223,179,1943
1377,433,2223,179,1943
1378,433,2223,179,1943
1379,433,2223,179,1943
1380,433,2223,179,1943
1381,433,2223,179,1943
1382,433,2223,179,1943
1383,433,2223,179,1943
1384,433,2223,179,1943
1385,433,2223,179,1943
1386,433,2223,179,1943
1387,433,2223,179,1943
1388,433,2223,179,1943
1389,433,2223,179,1943
1390,433,2223,179,1943
1391,433,2223,179,1943
1392,433,2223,179,1943
1393,433,2223,179,1943
1394,433,2223,179,1943
1395,433,2223,179,1943
1396,433,2223,179,1943
1397,433,2223,179,1943
1398,433,2223,179,1943
1399,433,2223,179,1943
1400,433,2223,179,1943
1401,433,2223,179,1943
1402,433,2223,179,1943
1403,433,2223,179,1943
1404,433,2223,179,1943
1405,433,2223,179,1943
1406,433,2223,179,1943
1407,433,2223,179,1943
1408,433,2223,179,1943
1409,433,2223,179,1943
1410,433,2223,179,1943
1411,433,2223,179,1943
1412,433,2223,179,1943
1413,433,2223,179,1943
1414,433,2223,179,1943
1415,433,2223,179,1943
1416,433,2223,179,1943
1417,433,2223,179,1943
1418,433,2223,179,1943
1419,433,2223,179,1943
1420,433,2223,179,1943
1421,433,2223,179,1943
1422,433,2223,179,1943
1423,433,2223,179,1943
1424,433,2223,179,1943
1425,433,2223,179,1943
1426,433,2223,179,1943
1427,433,2223,179,1943
1428,433,2223,179,1943
1429,433,2223,179,1943
1430,433,2223,179,1943
1431,433,2223,179,1943
1432,433,2223,179,1943
1433,433,2223,179,1943
1434,433,2223,179,1943
1435,433,2223,179,1943
1436,433,2223,179,1943
1437,433,2223,179,1943
1438,433,2223,179,1943
1439,433,2223,179,1943
1440,433,2223,179,1943
1441,433,2223,179,1943
1442,433,2223,179,1943
1443,433,2223,179,1943
1444,433,2223,179,1943
1445,433,2223,179,1943
1446,433,2223,179,1943
1447,433,2223,179,1943
1448,433,2223,179,1943
1449,433,2223,179,1943
1450,433,2223,179,1943
1451,433,2223,179,1943
1452,433,2223,179,1943
1453,433,2223,179,1943
1454,433,2223,179,1943
1455,433,2223,179,1943
1456,433,2223,179,1943
1457,433,2223,179,1943
1458,433,2223,179,1943
1459,433,2223,179,1943
1460,433,2223,179,1943
1461,433,2223,179,1943
1462,433,2223,179,1943
1463,433,2223,179,1943
1464,433,2223,179,1943
1465,433,2223,179,1943
1466,433,2223,179,1943
1467,433,2223,179,1943
1468,433,2223,179,1943
1469,433,2223,179,1943
1470,433,2223,179,1943
1471,433,2223,179,1943
1472,433,2223,179,1943
1473,433,2223,179,1943
1474,433,2223,179,1943
1475,433,2223,179,1943
1476,433,2223,179,1943
1477,433,2223,179,1943
1478,433,2223,179,1943
1479,433,2223,179,1943
1480,433,2223,179,1943
1481,433,2223,179,1943
1482,433,2223,179,1943
1483,433,2223,179,1943
1484,433,2223,179,1943
1485,433,2223,179,1943
1486,433,2223,179,1943
1487,433,2223,179,1943
1488,433,2223,179,1943
1489,433,2223,179,1943
1490,433,2223,179,1943
1491,433,2223,179,1943
1492,433,2223,179,1943
1493,433,2223,179,1943
1494,433,2223,179,1943
1495,433,2223,179,1943
1496,433,2223,179,1943
1497,433,2223,179,1943
1498,433,2223,179,1943
1499,433,2223,179,1943
1500,433,2223,179,1943
1501,433,2223,179,1943
1502,433,2223,179,1943
1503,433,2223,179,1943
1504,433,2223,179,1943
1505,433,2223,179,1943
1506,433,2223,179,1943
1507,433,2223,179,1943
1508,433,2223,179,1943
1509,433,2223,179,1943
1510,433,2223,179,1943
1511,433,2223,179,1943
1512,433,2223,179,1943
1513,433,2223,179,1943
1514,433,2223,179,1943
1515,433,2223,179,1943
1516,433,2223,179,1943
1517,433,2223,179,1943
1518,433,2223,179,1943
1519,433,2223,179,1943
1520,433,2223,179,1943
1521,433,2223,179,1943
1522,433,2223,179,1943
1523,433,2223,179,1943
1524,433,2223,179,1943
1525,433,2223,179,1943
1526,433,2223,179,1943
1527,433,2223,179,1943
1528,433,2223,179,1943
1529,433,2223,179,1943
1530,433,2223,179,1943
1531,433,2223,179,1943
1532,433,2223,179,1943
1533,433,2223,179,1943
1534,433,2223,179,1943
1535,433,2223,179,1943
1536,433,2223,179,1943
1537,433,2223,179,1943
1538,433,2223,179,1943
1539,433,2223,179,1943
1540,433,2223,179,1943
1541,433,2223,179,1943
1542,433,2223,179,1943
1543,433,2223,179,1943
1544,433,2223,179,1943
1545,433,2223,179,1943
1546,433,2223,179,1943
1547,433,2223,179,1943
1548,433,2223,179,1943
1549,433,2223,179,1943
1550,433,2223,179,1943
1551,433,2223,179,1943
1552,433,2223,179,1943
1553,433,2223,179,1943
1554,433,2223,179,1943
1555,433,2223,179,1943
1556,433,2223,179,1943
1557,433,2223,179,1943
1558,433,2223,179,1943
1559,433,2223,179,1943
1560,433,2223,179,1943
1561,433,2223,179,1943
1562,433,2223,179,1943
1563,433,2223,179,1943
1564,433,2223,179,1943
1565,433,2223,179,1943
1566,433,2223,179,1943
1567,433,2223,179,1943
1568,433,2223,179,1943
1569,433,2223,179,1943
1570,433,2223,179,1943
1571,433,2223,179,1943
1572,433,2223,179,1943
1573,433,2223,179,1943
1574,433,2223,179,1943
1575,433,2223,179,1943
1576,433,2223,179,1943
1577,433,2223,179,1943
1578,433,2223,179,1943
1579,433,2223,179,1943
1580,433,2223,179,1943
1581,433,2223,179,1943
1582,433,2223,179,1943
1583,433,2223,179,1943
1584,433,2223,179,1943
1585,433,2223,179,1943
1586,433,2223,179,1943
1587,433,2223,179,1943
1588,433,2223,179,1943
1589,433,2223,179,1943
1590,433,2223,179,1943
1591,433,2223,179,1943
1592,433,2223,179,1943
1593,433,2223,179,1943
1594,433,2223,179,1943
1595,433,2223,179,1943
1596,433,2223,179,1943
1597,433,2223,179,1943
1598,433,2223,179,1943
1599,433,2223,179,1943
1600,433,2223,179,1943
1601,433,2223,179,1943
1602,433,2223,179,1943
1603,433,2223,179,1943
1604,433,2223,179,1943
1605,433,2223,179,1943
1606,433,2223,179,1943
1607,433,2223,179,1943
1608,433,2223,179,1943
1609,433,2223,179,1943
1610,433,2223,179,1943
1611,433,2223,179,1943
1612,433,2223,179,1943
1613,433,2223,179,1943
1614,433,2223,179,1943
1615,433,2223,179,1943
1616,433,2223,179,1943
1617,433,2223,179,1943
1618,433,2223,179,1943
1619,433,2223,179,1943
1620,433,2223,179,1943
1621,433,2223,179,1943
1622,433,2223,179,1943
1623,433,2223,179,1943
1624,433,2223,179,1943
1625,433,2223,179,1943
1626,433,2223,179,1943
1627,433,2223,179,1943
1628,433,2223,179,1943
1629,433,2223,179,1943
1630,433,2223,179,1943
1631,433,2223,179,1943
1632,433,2223,179,1943
1633,433,2223,179,1943
1634,433,2223,179,1943
1635,433,2223,179,1943
1636,433,2223,179,1943
1637,433,2223,179,1943
1638,433,2223,179,1943
1639,433,2223,179,1943
1640,433,2223,179,1943
1641,433,2223,179,1943
1642,433,2223,179,1943
1643,433,2223,179,1943
1644,433,2223,179,1943
1645,433,2223,179,1943
1646,433,2223,179,1943
1647,433,2223,179,1943
1648,433,2223,179,1943
1649,433,2223,179,1943
1650,433,2223,179,1943
1651,433,2223,179,1943
1652,433,2223,179,1943
1653,433,2223,179,1943
1654,433,2223,179,1943
1655,433,2223,179,1943
1656,433,2223,179,1943
1657,351,2223,97,1943
1658,351,2223,97,1943
1659,351,2223,97,1943
1660,351,2223,97,1943
1661,351,2223,97,1943
1662,351,2223,97,1943
1663,351,2223,97,1943
1664,351,2223,97,1943
1665,351,2223,97,1943
1666,351,2223,97,1943
1667,351,2223,97,1943
1668,351,2223,97,1943
1669,351,2223,97,1943
1670,351,2223,97,1943
1671,351,2223,97,1943
1672,351,2223,97,1943
1673,351,2223,97,1943
1674,351,2223,97,1943
1675,351,2223,97,1943
1676,351,2223,97,1943
1677,351,2223,97,1943
1678,351,2223,97,1943
1679,351,2223,97,1943
1680,351,2223,97,1943
1681,351,2223,97,1943
1682,351,2223,97,1943
1683,351,2223,97,1943
1684,351,2223,97,1943
1685,351,2223,97,1943
1686,351,2223,97,1943
1687,351,2223,97,1943
1688,351,2223,97,1943
1689,351,2223,97,1943
1690,351,2223,97,1943
1691,351,2223,97,1943
1692,351,2223,97,1943
1693,351,2223,97,1943
1694,351,2223,97,1943
1695,351,2223,97,1943
1696,351,2223,97,1943
1697,351,2223,97,1943
1698,351,2223,97,1943
1699,351,2223,97,1943
1700,351,2223,97,1943
1701,351,2223,97,1943
1702,351,2223,97,1943
1703,351,2223,97,1943
1704,351,2223,97,1943
1705,351,2223,97,1943
1706,351,2223,97,1943
1707,351,2223,97,1943
1708,351,2223,97,1943
1709,351,2223,97,1943
1710,351,2223,97,1943
1711,351,2223,97,1943
1712,351,2223,97,1943
1713,351,2223,97,1943
1714,351,2223,97,1943
1715,351,2223,97,1943
1716,351,2223,97,1943
1717,351,2223,97,1943
1718,351,2223,97,1943
1719,351,2223,97,1943
1720,351,2223,97,1943
1721,351,2223,97,1943
1722,351,2223,97,1943
1723,351,2223,97,1943
1724,351,2223,97,1943
1725,351,2223,97,1943
1726,351,2223,97,1943
1727,351,2223,97,1943
1728,351,2223,97,1943
1729,351,2223,97,1943
1730,351,2223,97,1943
1731,351,2223,97,1943
1732,351,2223,97,1943
1733,351,2223,97,1943
1734,351,2223,97,1943
1735,351,2223,97,1943
1736,351,2223,97,1943
1737,351,2223,97,1943
1738,351,2223,97,1943
1739,351,2223,97,1943
1740,351,2223,97,1943
1741,351,2223,97,1943
1742,352,2366,98,2086
1743,352,2366,98,2086
1744,406,2389,152,2109
1745,406,2389,152,2109
1746,406,2459,152,2179
1747,406,2485,152,2205
1748,406,2485,152,2205
1749,406,2485,152,2205
1750,406,2485,152,2205
1751,406,2485,152,2205
1752,423,2564,169,2284
1753,423,2564,169,2284
1754,423,2564,169,2284
1755,423,2583,169,2303
1756,423,2583,169,2303
1757,423,2583,169,2303
1758,423,2583,169,2303
1759,423,2600,169,2320
1760,423,2600,169,2320
1761,423,2600,169,2320
1762,423,2600,169,2320
1763,392,2600,138,2320
1764,392,2600,138,2320
1765,392,2600,138,2320
1766,392,2600,138,2320
1767,392,2600,138,2320
1768,392,2600,138,2320
1769,392,2600,138,2320
1770,392,2600,138,2320
1771,392,2600,138,2320
1772,392,2600,138,2320
1773,392,2600,138,2320
1774,392,2600,138,2320
1775,392,2600,138,2320
1776,392,2600,138,2320
1777,392,2600,138,2320
1778,392,2600,138,2320
1779,392,2600,138,2320
1780,392,2600,138,2320
1781,392,2600,138,2320
1782,392,2600,138,2320
1783,392,2600,138,2320
1784,392,2600,138,2320
1785,392,2600,138,2320
1786,392,2600,138,2320
1787,392,2600,138,2320
1788,392,2600,138,2320
1789,514,2600,260,2320
1790,514,2600,260,2320
1791,514,2600,260,2320
1792,530,2600,276,2320
1793,530,2600,276,2320
1794,530,2600,276,2320
1795,530,2600,276,2320
1796,580,2600,326,2320
1797,580,2600,326,2320
1798,580,2600,326,2320
1799,580,2600,326,2320
1800,580,2600,326,2320
1801,580,2600,326,2320
1802,580,2600,326,2320
1803,651,2600,397,2320
1804,651,2600,397,2320
1805,651,2600,397,2320
1806,651,2600,397,2320
1807,651,2600,397,2320
1808,651,2600,397,2320
1809,674,2600,420,2320
1810,674,2600,420,2320
1811,674,2600,420,2320
