1,568,1579,720,1692
2,568,1579,720,1692
3,577,1579,720,1692
4,581,1577,720,1692
5,588,1575,720,1692
6,592,1575,720,1692
7,592,1575,720,1692
8,592,1575,720,1692
9,592,1575,720,1692
10,592,1575,720,1692
11,593,1575,720,1692
12,593,1570,720,1692
13,593,1570,720,1692
14,592,1570,720,1692
15,592,1570,720,1692
16,591,1568,720,1692
17,591,1564,715,1692
18,589,1564,714,1692
19,582,1563,714,1692
20,569,1561,714,1692
21,558,1561,714,1692
22,549,1561,714,1693
23,545,1561,714,1693
24,541,1561,714,1693
25,540,1569,714,1694
26,539,1574,714,1694
27,538,1581,710,1694
28,529,1583,702,1698
29,495,1583,686,1687
30,478,1581,661,1689
31,475,1583,640,1689
32,461,1587,631,1694
33,439,1595,624,1703
34,439,1599,606,1698
35,434,1608,596,1720
36,430,1613,590,1737
37,408,1616,588,1745
38,408,1627,586,1747
39,393,1628,584,1748
40,394,1631,575,1749
41,390,1637,558,1749
42,380,1650,524,1749
43,377,1655,507,1749
44,364,1660,485,1749
45,352,1665,473,1751
46,338,1672,467,1757
47,339,1675,465,1775
48,317,1685,467,1792
49,310,1690,466,1807
50,300,1697,464,1815
51,294,1701,460,1818
52,287,1709,452,1818
53,281,1709,449,1819
54,278,1716,445,1827
55,277,1720,438,1837
56,277,1724,435,1845
57,278,1727,431,1853
58,280,1729,428,1857
59,279,1731,426,1861
60,279,1734,425,1865
61,280,1736,426,1869
62,280,1737,425,1872
63,280,1739,425,1874
64,281,1740,424,1877
65,280,1742,424,1880
66,279,1744,424,1881
67,278,1745,424,1881
68,276,1745,426,1884
69,274,1745,426,1884
70,272,1745,426,1891
71,270,1745,426,1892
72,270,1745,426,1892
73,269,1745,426,1891
74,268,1747,433,1891
75,266,1747,434,1891
76,264,1747,434,1897
77,262,1747,434,1902
78,260,1747,434,1900
79,259,1749,434,1900
80,255,1749,434,1898
81,253,1749,434,1895
82,251,1750,434,1889
83,246,1750,434,1899
84,245,1750,434,1901
85,243,1751,434,1901
86,242,1752,434,1901
87,241,1752,434,1895
88,240,1753,434,1893
89,232,1754,434,1888
90,228,1755,434,1884
91,226,1756,434,1881
92,224,1756,434,1882
93,220,1756,434,1880
94,216,1756,434,1877
95,213,1756,434,1875
96,210,1756,434,1875
97,205,1756,434,1872
98,197,1756,418,1870
99,186,1756,401,1870
100,173,1757,382,1870
101,162,1760,363,1873
102,152,1760,332,1869
103,142,1760,323,1867
104,132,1756,323,1853
105,123,1745,323,1865
106,111,1739,321,1883
107,99,1732,316,1889
108,88,1729,307,1895
109,76,1726,278,1892
110,64,1731,239,1893
111,55,1756,212,1892
112,44,1790,160,1892
113,36,1794,157,1892
114,0,1800,155,1910
115,0,1804,152,1913
116,0,1809,151,1917
117,0,1813,148,1912
118,0,1820,141,1900
119,0,1815,141,1899
120,0,1817,134,1896
121,0,1825,114,1885
122,0,1820,97,1891
123,0,1813,89,1893
124,0,1812,78,1905
125,0,1814,80,1936
126,0,1821,80,1936
127,0,1821,67,1937
128,0,1829,55,1937
129,0,1822,50,1937
130,0,1805,48,1937
131,0,1797,46,1937
132,0,1784,44,1936
133,0,1777,44,1935
134,0,1769,47,1935
135,0,1768,47,1935
136,0,1772,41,1935
137,0,1787,40,1935
138,0,1789,40,1935
139,0,1789,40,1935
140,0,1788,40,1935
141,0,1783,40,1935
142,0,1780,40,1935
143,0,1789,40,1935
144,0,1857,40,1935
145,0,1855,40,1934
146,0,1860,44,1921
147,0,1779,42,1905
148,0,1778,41,1881
149,0,1778,41,1863
150,0,1767,41,1840
151,0,1759,39,1823
152,0,1752,32,1810
153,0,1773,31,1810
154,0,1773,31,1810
155,0,1774,31,1810
156,0,1775,30,1810
157,0,1775,30,1809
158,0,1775,30,1809
159,0,1654,30,1809
160,0,1654,30,1805
161,0,1654,34,1797
162,0,1654,39,1792
163,0,1654,40,1791
164,0,1654,40,1789
165,0,1642,48,1715
166,0,1639,53,1702
167,0,1629,56,1697
168,0,1611,81,1698
169,0,1598,89,1697
170,0,1555,89,1696
171,0,1552,90,1694
172,0,1544,90,1685
173,0,1538,90,1676
174,0,1537,90,1667
175,0,1520,90,1659
176,0,1518,91,1651
177,0,1516,92,1637
178,0,1515,92,1636
179,0,1515,114,1636
180,0,1515,134,1636
181,0,1519,148,1636
182,0,1521,151,1635
183,3,1519,151,1632
184,7,1514,151,1630
185,8,1512,152,1626
186,11,1512,151,1621
187,11,1504,159,1619
188,0,1504,174,1642
189,0,1503,202,1643
190,0,1503,224,1646
191,0,1503,240,1645
192,2,1502,252,1642
193,11,1502,258,1636
194,22,1501,261,1631
195,24,1507,261,1629
196,24,1509,261,1629
197,24,1515,261,1629
198,27,1517,261,1633
199,27,1519,261,1634
200,28,1522,261,1637
201,38,1526,266,1638
202,38,1526,283,1646
203,40,1531,287,1650
204,46,1536,290,1661
205,52,1538,286,1664
206,55,1535,283,1681
207,58,1537,277,1687
208,59,1542,273,1690
209,68,1549,273,1693
210,68,1554,273,1693
211,67,1561,273,1697
212,67,1571,273,1698
213,69,1580,274,1708
214,70,1585,275,1704
215,67,1589,274,1717
216,67,1594,292,1733
217,68,1595,293,1742
218,67,1602,295,1744
219,73,1607,294,1744
220,75,1610,296,1745
221,78,1612,295,1757
222,88,1612,298,1763
223,97,1611,305,1776
224,106,1612,321,1783
225,124,1615,331,1785
226,141,1612,341,1778
227,159,1607,348,1770
228,166,1603,352,1752
229,175,1597,354,1751
230,183,1591,356,1745
231,194,1585,357,1744
232,204,1571,357,1746
233,213,1567,357,1746
234,220,1565,357,1741
235,224,1560,357,1732
236,228,1557,357,1726
237,236,1557,357,1719
238,243,1555,357,1713
239,247,1555,361,1703
240,252,1548,399,1701
241,251,1544,405,1690
242,254,1540,411,1684
243,262,1538,425,1684
244,269,1534,427,1683
245,276,1527,426,1682
246,282,1521,431,1682
247,289,1516,437,1681
248,296,1512,456,1681
249,302,1509,459,1675
250,308,1482,462,1667
251,313,1477,465,1659
252,315,1471,460,1647
253,322,1460,440,1636
254,324,1460,440,1627
255,327,1455,440,1624
256,328,1453,440,1624
257,331,1447,440,1624
258,332,1440,440,1624
259,333,1435,440,1624
260,333,1432,440,1624
261,334,1436,440,1624
262,336,1436,439,1622
263,336,1436,439,1620
264,335,1436,439,1618
265,336,1436,439,1616
266,337,1436,439,1612
267,337,1436,439,1610
268,338,1436,439,1608
269,338,1437,439,1605
270,338,1437,439,1603
271,342,1437,439,1599
272,342,1437,439,1595
273,342,1437,439,1594
274,344,1437,439,1592
275,343,1437,439,1592
276,343,1437,439,1592
277,342,1437,439,1592
278,349,1437,439,1592
279,349,1437,442,1592
280,352,1437,443,1592
281,354,1437,445,1594
282,356,1437,450,1596
283,360,1437,455,1599
284,361,1441,460,1601
285,362,1445,462,1601
286,362,1437,466,1602
287,362,1445,466,1602
288,365,1447,468,1602
289,365,1452,470,1602
290,368,1459,472,1602
291,368,1463,475,1602
292,370,1468,476,1602
293,375,1472,478,1602
294,376,1476,480,1602
295,382,1477,481,1603
296,385,1480,482,1603
297,389,1484,487,1603
298,390,1488,499,1603
299,392,1490,517,1602
300,399,1491,527,1602
301,407,1492,539,1602
302,409,1493,544,1604
303,410,1496,550,1608
304,410,1500,550,1612
305,412,1500,552,1612
306,414,1498,550,1612
307,424,1498,550,1612
308,426,1500,550,1613
309,438,1502,567,1617
310,455,1504,574,1619
311,459,1505,578,1625
312,465,1510,590,1629
313,471,1511,598,1631
314,472,1514,603,1641
315,474,1517,613,1651
316,474,1518,619,1658
317,491,1522,626,1661
318,499,1527,635,1664
319,501,1529,639,1665
320,504,1535,648,1667
321,511,1540,648,1668
322,515,1540,649,1668
323,517,1540,649,1669
324,538,1544,657,1669
325,542,1547,657,1671
326,547,1551,654,1671
327,552,1554,655,1682
328,558,1558,654,1686
329,561,1560,677,1687
330,565,1563,694,1687
331,566,1566,701,1693
332,580,1569,706,1698
333,582,1571,714,1698
334,592,1571,717,1699
335,598,1573,716,1699
336,600,1574,717,1702
337,603,1575,717,1703
338,605,1577,717,1700
339,606,1580,717,1700
340,606,1580,717,1699
341,606,1580,717,1698
342,606,1580,717,1698
343,604,1580,717,1698
344,598,1579,717,1698
345,598,1575,717,1698
346,603,1567,717,1698
347,605,1567,717,1698
348,605,1569,717,1698
349,611,1546,717,1698
350,611,1546,717,1698
351,611,1546,717,1698
352,611,1547,717,1698
353,596,1543,717,1698
354,591,1531,717,1698
355,585,1527,717,1698
356,582,1522,705,1693
357,582,1523,695,1674
358,570,1511,679,1667
359,566,1509,676,1653
360,557,1504,664,1647
361,551,1500,661,1639
362,551,1494,662,1636
363,546,1489,662,1636
364,538,1483,662,1634
365,522,1478,662,1635
366,522,1473,661,1634
367,521,1470,660,1632
368,510,1464,660,1630
369,507,1459,655,1627
370,504,1452,646,1613
371,500,1447,631,1602
372,476,1440,616,1591
373,468,1436,606,1581
374,456,1436,594,1576
375,449,1436,591,1570
376,439,1436,589,1570
377,433,1410,586,1570
378,430,1399,586,1570
379,424,1391,576,1570
380,417,1385,571,1570
381,409,1381,568,1567
382,407,1379,562,1562
383,406,1379,553,1561
384,414,1379,538,1539
385,413,1379,524,1527
386,412,1379,505,1517
387,405,1379,489,1502
388,390,1379,486,1496
389,380,1379,483,1486
390,374,1372,485,1482
391,358,1354,485,1480
392,341,1341,483,1479
393,330,1334,484,1477
394,328,1331,482,1476
395,321,1324,480,1476
396,313,1321,474,1467
397,295,1319,469,1460
398,281,1318,459,1442
399,271,1318,442,1442
400,262,1318,426,1442
401,255,1318,412,1442
402,247,1317,395,1442
403,242,1304,379,1442
404,236,1288,375,1442
405,228,1272,374,1444
406,222,1260,374,1440
407,216,1256,374,1432
408,210,1255,373,1425
409,202,1254,373,1417
410,195,1252,369,1411
411,188,1251,361,1407
412,180,1251,350,1403
413,174,1251,334,1401
414,166,1251,321,1400
415,161,1251,306,1393
416,154,1250,292,1388
417,147,1244,287,1384
418,141,1240,286,1379
419,136,1236,285,1376
420,130,1232,284,1374
421,125,1230,284,1369
422,115,1231,283,1366
423,107,1231,280,1365
424,102,1230,274,1363
425,98,1231,268,1360
426,97,1231,259,1356
427,95,1231,251,1354
428,93,1223,240,1353
429,90,1214,233,1350
430,86,1204,221,1349
431,83,1201,217,1346
432,80,1194,217,1345
433,77,1193,216,1343
434,74,1192,215,1342
435,73,1192,215,1340
436,70,1192,215,1339
437,68,1192,215,1338
438,65,1192,215,1336
439,63,1192,215,1335
440,60,1192,215,1334
441,55,1192,215,1333
442,53,1192,215,1331
443,52,1192,215,1331
444,51,1192,215,1331
445,50,1192,215,1331
446,49,1192,215,1331
447,49,1192,215,1331
448,48,1192,215,1330
449,48,1192,216,1330
450,48,1192,218,1330
451,49,1192,224,1332
452,49,1192,229,1332
453,50,1192,234,1333
454,53,1192,242,1334
455,56,1192,250,1334
456,59,1192,255,1337
457,64,1192,261,1339
458,72,1192,265,1342
459,79,1192,271,1344
460,86,1192,277,1347
461,90,1192,283,1350
462,96,1192,284,1354
463,103,1193,284,1357
464,118,1193,284,1362
465,128,1200,285,1367
466,136,1205,285,1371
467,140,1216,285,1375
468,144,1226,291,1379
469,150,1234,295,1385
470,158,1248,298,1391
471,164,1249,311,1396
472,172,1249,312,1401
473,178,1249,327,1409
474,180,1249,331,1413
475,180,1249,342,1422
476,182,1249,353,1435
477,184,1252,353,1435
478,187,1252,373,1442
479,190,1259,375,1442
480,198,1267,377,1442
481,204,1278,379,1442
482,216,1290,385,1442
483,224,1300,387,1442
484,239,1314,388,1460
485,255,1329,388,1460
486,275,1341,413,1460
487,281,1351,430,1471
488,287,1351,456,1484
489,295,1350,465,1491
490,305,1350,476,1500
491,310,1351,480,1507
492,318,1352,479,1513
493,318,1356,481,1522
494,324,1361,480,1523
495,331,1371,482,1519
496,335,1383,480,1524
497,339,1394,481,1526
498,353,1407,481,1530
499,366,1412,481,1536
500,372,1412,481,1538
501,375,1412,498,1559
502,380,1412,507,1577
503,389,1412,522,1591
504,394,1412,532,1601
505,408,1413,537,1606
506,412,1415,542,1607
507,418,1419,546,1610
508,423,1429,548,1610
509,427,1466,548,1611
510,433,1470,548,1611
511,436,1474,548,1611
512,445,1477,558,1611
513,452,1482,558,1611
514,459,1487,570,1611
515,463,1492,589,1611
516,466,1496,605,1620
517,467,1500,616,1633
518,470,1504,622,1646
519,474,1509,626,1651
520,477,1514,627,1657
521,479,1517,627,1660
522,483,1518,627,1661
523,483,1522,627,1661
524,483,1526,627,1661
525,484,1529,627,1661
526,486,1534,634,1661
527,488,1538,637,1662
528,488,1538,641,1662
529,488,1544,643,1662
530,488,1547,647,1662
531,490,1550,652,1662
532,493,1553,654,1668
533,494,1556,654,1667
534,494,1559,654,1667
535,493,1563,654,1706
536,493,1563,655,1705
537,493,1568,659,1705
538,489,1573,659,1705
539,487,1575,657,1705
540,485,1580,656,1705
541,483,1583,657,1705
542,482,1587,658,1708
543,484,1590,657,1717
544,493,1593,657,1733
545,496,1594,656,1739
546,501,1595,656,1740
547,508,1597,656,1743
548,521,1598,656,1746
549,529,1599,657,1749
550,532,1600,660,1750
551,537,1600,661,1749
552,537,1600,668,1729
553,544,1601,675,1724
554,548,1601,679,1714
555,552,1606,689,1712
556,555,1610,694,1712
557,557,1611,701,1710
558,560,1613,704,1710
559,565,1611,709,1712
560,569,1612,710,1711
561,575,1614,712,1712
562,576,1613,712,1712
563,576,1613,713,1712
564,575,1615,713,1712
565,575,1614,717,1712
566,576,1613,717,1711
567,578,1612,719,1711
568,582,1613,724,1711
569,585,1613,727,1714
570,589,1614,727,1722
571,593,1614,727,1729
572,597,1614,727,1733
573,603,1613,727,1734
574,606,1612,726,1734
575,605,1612,725,1733
576,605,1612,725,1733
577,605,1611,724,1732
578,605,1610,724,1731
579,605,1609,724,1728
580,605,1608,725,1715
581,605,1607,725,1713
582,605,1607,724,1712
583,605,1606,724,1711
584,605,1606,724,1711
585,605,1606,724,1711
586,605,1606,728,1711
587,605,1605,730,1711
588,605,1604,731,1711
589,605,1604,732,1711
590,605,1605,733,1711
591,605,1605,734,1711
592,605,1606,734,1711
593,605,1606,734,1711
594,605,1606,732,1711
595,605,1606,732,1711
596,605,1606,730,1711
597,605,1606,729,1711
598,605,1606,729,1711
599,605,1606,728,1711
600,605,1606,726,1711
601,605,1606,726,1711
602,605,1606,725,1711
603,605,1606,725,1711
604,605,1606,725,1711
605,605,1606,727,1711
606,605,1606,731,1711
607,605,1606,733,1711
608,605,1606,737,1711
609,605,1607,737,1711
610,605,1607,739,1711
611,605,1607,739,1711
612,605,1607,742,1711
613,605,1607,741,1711
614,605,1607,735,1711
615,605,1606,734,1711
616,605,1606,735,1711
617,605,1606,735,1711
618,605,1606,733,1711
619,605,1606,729,1711
620,605,1606,728,1711
621,605,1606,728,1711
622,605,1606,728,1711
623,605,1606,728,1711
624,605,1606,728,1711
625,605,1606,728,1711
626,605,1606,728,1711
627,605,1606,729,1711
628,605,1606,730,1711
629,605,1606,731,1711
630,605,1606,732,1711
631,605,1606,733,1711
632,605,1606,734,1711
633,605,1606,736,1711
634,605,1606,737,1711
635,605,1606,738,1711
636,605,1606,738,1711
637,605,1605,738,1711
638,605,1605,738,1711
639,605,1605,739,1711
640,605,1605,738,1711
641,605,1605,738,1711
642,605,1605,738,1711
643,605,1605,738,1711
644,605,1605,736,1711
645,605,1605,736,1711
646,605,1605,735,1711
647,605,1605,735,1711
648,605,1605,736,1711
649,605,1605,736,1711
650,605,1604,736,1711
651,605,1603,736,1711
652,605,1601,736,1711
653,605,1600,734,1711
654,605,1599,732,1711
655,605,1599,731,1711
656,605,1599,731,1711
657,605,1598,730,1711
658,605,1598,730,1711
659,605,1598,730,1711
660,605,1598,730,1711
661,605,1598,730,1711
662,605,1598,730,1711
663,605,1598,730,1711
664,605,1598,730,1711
665,605,1598,730,1711
666,605,1598,730,1711
667,605,1598,730,1711
668,605,1598,730,1711
669,605,1598,730,1711
670,605,1598,730,1711
671,605,1598,730,1711
672,605,1598,730,1711
673,605,1598,730,1711
674,605,1598,730,1711
675,605,1598,730,1711
676,605,1598,730,1711
677,605,1598,730,1711
678,605,1598,730,1711
679,605,1597,730,1711
680,605,1597,730,1711
681,605,1597,730,1711
682,605,1597,730,1711
683,605,1597,730,1711
684,605,1597,730,1711
685,605,1597,730,1711
686,605,1597,730,1711
687,605,1597,730,1711
688,605,1596,730,1711
689,605,1596,730,1711
690,605,1596,730,1711
691,605,1596,730,1711
692,605,1597,730,1711
693,605,1597,730,1711
694,605,1597,730,1711
695,605,1597,730,1711
696,605,1597,730,1711
697,605,1597,730,1711
698,605,1597,730,1711
699,605,1597,730,1711
700,605,1597,730,1711
701,605,1595,730,1711
702,605,1595,731,1711
703,605,1593,731,1711
704,605,1589,731,1711
705,605,1588,731,1711
706,605,1588,731,1711
707,605,1588,731,1711
708,605,1588,731,1711
709,605,1588,731,1711
710,605,1589,731,1711
711,605,1590,731,1711
712,605,1590,731,1711
713,605,1590,731,1711
714,605,1590,731,1711
715,605,1590,728,1711
716,604,1590,725,1711
717,603,1591,725,1711
718,603,1591,722,1711
719,603,1590,722,1711
720,603,1589,715,1711
721,603,1589,715,1711
722,603,1589,715,1711
723,603,1589,714,1711
724,603,1584,714,1711
725,602,1584,713,1711
726,602,1584,713,1711
727,602,1584,713,1711
728,602,1584,713,1711
729,599,1584,713,1711
730,599,1579,713,1711
731,596,1578,713,1711
732,596,1578,706,1699
733,596,1578,704,1700
734,592,1579,704,1701
735,591,1579,700,1701
736,591,1579,700,1701
737,591,1579,700,1701
738,591,1580,700,1701
739,591,1580,700,1701
740,591,1578,700,1701
741,591,1578,700,1701
742,591,1578,700,1701
743,590,1578,700,1701
744,586,1578,705,1701
745,584,1577,707,1701
746,584,1578,707,1701
747,584,1578,707,1701
748,584,1578,707,1701
749,584,1578,707,1701
750,584,1578,707,1701
751,584,1578,707,1701
752,584,1579,707,1701
753,584,1579,707,1701
754,584,1579,707,1701
755,584,1579,707,1701
756,584,1579,707,1701
757,584,1579,707,1701
758,584,1579,707,1701
759,584,1579,707,1701
760,584,1579,707,1700
761,584,1579,707,1698
762,584,1579,707,1698
763,584,1579,707,1698
764,584,1579,707,1698
765,584,1579,707,1698
766,584,1579,707,1698
767,584,1579,707,1698
768,584,1579,707,1698
769,584,1577,707,1698
770,584,1577,707,1698
771,584,1577,707,1698
772,584,1577,707,1698
773,584,1577,707,1698
774,584,1577,707,1698
775,584,1577,707,1698
776,584,1577,707,1698
777,584,1577,707,1698
778,584,1577,707,1698
779,584,1577,707,1698
780,584,1577,707,1698
781,584,1577,707,1698
782,584,1577,708,1698
783,584,1577,708,1698
784,584,1577,708,1698
785,584,1577,708,1698
786,584,1577,708,1698
787,584,1577,708,1698
788,584,1577,708,1698
789,584,1577,708,1698
790,584,1577,707,1698
791,584,1577,706,1698
792,584,1577,705,1698
793,584,1577,705,1698
794,584,1577,705,1698
795,584,1577,704,1698
796,584,1577,704,1698
797,584,1577,703,1698
798,584,1577,702,1698
799,584,1577,701,1698
800,584,1577,701,1698
801,584,1578,700,1698
802,584,1579,700,1698
803,584,1579,700,1698
804,584,1579,699,1698
805,584,1579,699,1698
806,584,1579,699,1698
807,584,1579,699,1698
808,584,1579,699,1698
809,584,1579,698,1698
810,584,1579,698,1698
811,584,1579,698,1698
812,584,1579,698,1698
813,584,1579,697,1698
814,584,1579,697,1698
815,584,1579,696,1698
816,584,1579,696,1698
817,584,1579,695,1698
818,584,1579,695,1698
819,584,1579,695,1698
820,584,1579,695,1698
821,584,1579,695,1698
822,584,1579,695,1698
823,584,1579,695,1698
824,584,1579,695,1698
825,584,1579,695,1698
826,584,1579,695,1698
827,584,1579,694,1698
828,583,1577,694,1698
829,583,1577,695,1695
830,579,1577,695,1695
831,573,1579,695,1695
832,556,1579,695,1694
833,552,1580,695,1694
834,546,1581,695,1694
835,541,1581,697,1690
836,541,1581,697,1690
837,537,1585,697,1690
838,537,1587,697,1690
839,518,1587,693,1690
840,510,1589,683,1690
841,504,1591,674,1693
842,501,1593,654,1696
843,495,1599,634,1698
844,485,1606,617,1707
845,477,1610,606,1711
846,467,1616,591,1737
847,441,1620,589,1753
848,438,1624,589,1765
849,412,1629,588,1765
850,422,1633,586,1765
851,416,1635,580,1765
852,409,1641,563,1765
853,396,1646,551,1765
854,390,1658,517,1765
855,380,1662,505,1765
856,370,1667,480,1765
857,363,1668,480,1766
858,352,1679,480,1771
859,337,1685,478,1787
860,321,1695,476,1798
861,313,1701,473,1806
862,308,1708,469,1810
863,302,1713,464,1814
864,291,1717,455,1814
865,278,1721,440,1814
866,273,1721,416,1829
867,270,1724,400,1835
868,266,1725,382,1840
869,262,1728,377,1850
870,258,1732,372,1852
871,256,1734,371,1858
872,253,1737,371,1860
873,250,1739,371,1867
874,248,1740,371,1870
875,245,1741,371,1873
876,241,1741,371,1877
877,240,1742,376,1878
878,237,1742,382,1883
879,236,1743,388,1885
880,236,1744,388,1891
881,235,1744,390,1893
882,234,1744,391,1893
883,233,1745,392,1898
884,232,1745,392,1899
885,232,1745,392,1902
886,223,1745,392,1900
887,222,1746,392,1897
888,217,1747,391,1903
889,216,1747,394,1904
890,206,1748,398,1904
891,202,1748,401,1904
892,200,1748,401,1904
893,195,1748,401,1900
894,193,1749,401,1895
895,190,1749,401,1894
896,188,1749,401,1890
897,185,1750,401,1889
898,185,1751,401,1887
899,185,1751,401,1887
900,185,1751,401,1887
901,185,1752,401,1887
902,185,1753,400,1886
903,184,1753,399,1886
904,184,1752,395,1886
905,188,1752,387,1883
906,191,1752,373,1883
907,194,1754,361,1879
908,201,1757,361,1870
909,206,1758,361,1871
910,207,1757,362,1856
911,208,1755,362,1856
912,208,1751,367,1860
913,210,1749,376,1886
914,213,1749,381,1903
915,214,1740,383,1905
916,223,1724,378,1905
917,225,1714,371,1906
918,230,1713,371,1906
919,230,1713,371,1905
920,226,1714,371,1894
921,219,1713,371,1882
922,212,1706,366,1875
923,209,1701,365,1857
924,210,1699,367,1856
925,209,1700,368,1859
926,195,1697,368,1859
927,159,1671,368,1859
928,144,1667,368,1859
929,123,1643,368,1859
930,118,1638,366,1845
931,122,1644,354,1831
932,126,1641,327,1814
933,117,1629,301,1789
934,107,1615,276,1787
935,98,1569,244,1784
936,87,1550,227,1779
937,79,1545,224,1778
938,75,1549,221,1765
939,70,1521,211,1748
940,54,1520,190,1720
941,54,1496,176,1694
942,48,1486,167,1653
943,34,1468,167,1630
944,25,1400,166,1622
945,17,1369,164,1613
946,9,1350,132,1597
947,3,1339,99,1572
948,0,1332,89,1528
949,0,1331,87,1510
950,0,1330,87,1499
951,0,1329,88,1488
952,0,1328,87,1484
953,0,1328,87,1483
954,0,1307,85,1482
955,0,1304,79,1478
956,0,1287,72,1465
957,0,1270,39,1366
958,0,1310,42,1366
959,0,1332,42,1367
960,0,1356,42,1386
961,0,0,0,0
962,0,0,0,0
963,0,0,0,0
964,0,0,0,0
965,0,0,0,0
966,0,0,0,0
967,0,0,0,0
968,0,0,0,0
969,0,0,0,0
970,0,0,0,0
971,0,0,0,0
972,0,0,0,0
973,0,1373,34,1528
974,0,1401,51,1537
975,0,1508,54,1587
976,0,1522,59,1606
977,0,1531,60,1617
978,0,1533,58,1625
979,0,1533,58,1627
980,0,1549,58,1629
981,0,1550,58,1630
982,0,1564,50,1711
983,0,1575,72,1732
984,0,1589,73,1734
985,0,1599,74,1734
986,0,1598,74,1734
987,0,1598,73,1734
988,0,1604,71,1735
989,0,1618,66,1736
990,0,1635,39,1734
991,0,1639,45,1737
992,0,1655,23,1755
993,0,1660,52,1774
994,0,1668,67,1805
995,0,1677,82,1833
996,0,1687,107,1846
997,0,1695,120,1869
998,0,1707,129,1880
999,0,1717,137,1894
1000,0,1735,145,1906
1001,0,1738,151,1911
1002,0,1745,165,1911
1003,0,1746,167,1912
1004,0,1746,167,1912
1005,0,1749,167,1912
1006,0,1749,167,1912
1007,0,1749,167,1912
1008,0,1754,170,1912
1009,0,1756,175,1912
1010,0,1759,169,1912
1011,0,1774,175,1911
1012,0,1776,181,1911
1013,0,1772,184,1910
1014,1,1763,187,1909
1015,6,1754,190,1909
1016,13,1747,189,1908
1017,19,1741,189,1905
1018,26,1734,190,1902
1019,30,1730,189,1896
1020,37,1725,189,1890
1021,43,1722,190,1888
1022,47,1721,196,1891
1023,54,1721,197,1891
1024,62,1715,215,1893
1025,68,1713,231,1895
1026,76,1711,216,1895
1027,84,1706,258,1895
1028,90,1702,258,1893
1029,93,1699,271,1890
1030,94,1696,270,1888
1031,95,1692,269,1884
1032,100,1687,269,1878
1033,105,1683,269,1875
1034,110,1681,269,1871
1035,115,1678,269,1868
1036,119,1677,269,1864
1037,122,1675,276,1860
1038,125,1673,280,1856
1039,128,1673,280,1852
1040,132,1667,311,1848
1041,136,1665,325,1843
1042,140,1662,337,1839
1043,146,1659,340,1833
1044,150,1652,342,1827
1045,158,1650,343,1821
1046,164,1644,343,1817
1047,169,1641,343,1814
1048,174,1639,343,1809
1049,179,1636,344,1807
1050,183,1632,344,1803
1051,189,1629,344,1800
1052,194,1627,345,1798
1053,200,1624,373,1796
1054,205,1625,390,1795
1055,211,1625,399,1794
1056,216,1623,403,1793
1057,221,1621,403,1793
1058,226,1620,404,1792
1059,232,1620,404,1793
1060,237,1615,404,1793
1061,243,1615,404,1793
1062,249,1613,404,1792
1063,253,1611,403,1791
1064,256,1609,404,1791
1065,258,1607,404,1788
1066,261,1605,404,1786
1067,262,1603,404,1782
1068,262,1599,404,1780
1069,263,1597,404,1778
1070,265,1596,405,1775
1071,266,1593,406,1773
1072,265,1593,405,1772
1073,265,1590,405,1772
1074,265,1589,405,1772
1075,265,1587,405,1771
1076,267,1587,405,1768
1077,267,1586,405,1768
1078,267,1585,405,1768
1079,271,1585,404,1767
1080,271,1584,404,1767
1081,273,1584,404,1767
1082,274,1584,404,1767
1083,274,1585,404,1767
1084,275,1585,404,1767
1085,277,1585,404,1769
1086,277,1584,404,1769
1087,278,1584,404,1769
1088,277,1584,404,1771
1089,276,1584,404,1772
1090,276,1584,404,1772
1091,276,1584,404,1772
1092,276,1584,404,1772
1093,276,1585,404,1772
1094,276,1586,404,1772
1095,276,1586,404,1772
1096,277,1586,404,1772
1097,278,1586,404,1772
1098,280,1586,404,1776
1099,282,1586,404,1779
1100,282,1586,404,1779
1101,283,1586,404,1779
1102,283,1586,404,1780
1103,283,1587,404,1780
1104,283,1587,404,1780
1105,283,1588,404,1780
1106,283,1588,404,1780
1107,283,1589,404,1780
1108,283,1589,404,1780
1109,283,1591,404,1782
1110,283,1591,404,1782
1111,283,1591,404,1782
1112,283,1591,404,1782
1113,283,1591,404,1782
1114,283,1592,404,1782
1115,283,1593,404,1782
1116,283,1593,404,1782
1117,283,1593,404,1784
1118,284,1593,404,1785
1119,284,1593,404,1785
1120,284,1593,404,1785
1121,284,1594,404,1785
1122,284,1593,404,1785
1123,284,1593,404,1785
1124,284,1593,404,1785
1125,284,1594,404,1785
1126,284,1594,404,1785
1127,284,1594,404,1785
1128,295,1594,404,1785
1129,301,1594,404,1778
1130,304,1594,404,1767
1131,302,1594,404,1732
1132,303,1594,404,1726
1133,302,1594,404,1722
1134,302,1595,404,1722
1135,302,1595,404,1722
1136,302,1595,404,1722
1137,302,1595,404,1722
1138,302,1595,404,1722
1139,302,1595,404,1722
1140,302,1595,404,1722
1141,301,1595,404,1722
1142,300,1595,404,1722
1143,300,1594,404,1722
1144,300,1594,404,1722
1145,302,1592,404,1722
1146,303,1591,404,1715
1147,303,1591,404,1715
1148,303,1591,404,1715
1149,301,1587,404,1705
1150,301,1587,404,1697
1151,299,1581,404,1689
1152,298,1579,407,1686
1153,298,1576,407,1686
1154,298,1574,412,1683
1155,297,1570,411,1683
1156,297,1568,413,1680
1157,299,1564,416,1678
1158,303,1561,416,1678
1159,306,1557,420,1678
1160,306,1555,423,1676
1161,297,1552,431,1677
1162,304,1549,441,1678
1163,305,1547,453,1678
1164,307,1544,459,1677
1165,310,1541,475,1677
1166,317,1539,480,1677
1167,325,1538,484,1678
1168,336,1533,486,1678
1169,344,1531,487,1677
1170,346,1529,487,1673
1171,349,1526,488,1662
1172,354,1524,488,1653
1173,363,1519,489,1637
1174,380,1516,489,1625
1175,394,1512,490,1614
1176,412,1510,496,1606
1177,425,1498,499,1606
1178,433,1498,526,1605
1179,441,1499,537,1606
1180,441,1499,562,1607
1181,441,1498,582,1607
1182,441,1495,601,1606
1183,441,1492,606,1605
1184,441,1489,611,1605
1185,443,1486,614,1604
1186,448,1484,616,1602
1187,462,1482,616,1599
1188,492,1479,616,1592
1189,519,1476,616,1603
1190,528,1476,619,1598
1191,548,1476,630,1596
1192,553,1475,647,1595
1193,555,1475,659,1595
1194,557,1475,687,1596
1195,560,1476,714,1596
1196,562,1477,730,1598
1197,566,1480,736,1598
1198,567,1482,739,1598
1199,569,1485,743,1599
1200,578,1486,744,1600
1201,589,1488,744,1600
1202,606,1490,745,1600
1203,627,1490,745,1600
1204,651,1492,751,1599
1205,687,1495,760,1599
1206,692,1496,779,1599
1207,692,1498,805,1611
1208,693,1495,833,1625
1209,693,1496,856,1623
1210,693,1500,863,1622
1211,693,1506,883,1621
1212,696,1511,882,1636
1213,707,1519,883,1637
1214,714,1522,908,1638
1215,729,1524,914,1638
1216,754,1526,918,1638
1217,774,1529,916,1642
1218,793,1532,920,1644
1219,820,1535,933,1650
1220,821,1540,945,1655
1221,821,1544,957,1676
1222,822,1548,967,1683
1223,822,1555,990,1685
1224,823,1560,995,1687
1225,826,1567,1000,1688
1226,833,1572,1008,1690
1227,841,1577,1019,1690
1228,859,1581,1029,1691
1229,895,1584,1038,1690
1230,912,1587,1046,1690
1231,928,1593,1056,1690
1232,948,1597,1065,1697
1233,949,1599,1074,1692
1234,949,1600,1082,1715
1235,949,1604,1091,1716
1236,949,1607,1103,1727
1237,950,1611,1111,1732
1238,950,1617,1117,1741
1239,955,1621,1130,1752
1240,961,1626,1138,1759
1241,969,1633,1144,1764
1242,993,1645,1154,1769
1243,1008,1650,1162,1770
1244,1024,1653,1171,1770
1245,1041,1661,1181,1769
1246,1065,1666,1202,1774
1247,1066,1671,1218,1792
1248,1067,1676,1241,1817
1249,1067,1686,1250,1833
1250,1067,1693,1263,1846
1251,1068,1701,1264,1847
1252,1072,1703,1275,1847
1253,1076,1705,1276,1847
1254,1089,1711,1274,1849
1255,1100,1720,1272,1849
1256,1105,1728,1273,1849
1257,1117,1733,1261,1854
1258,1143,1752,1265,1856
1259,1152,1755,1272,1859
1260,1146,1763,1279,1861
1261,1146,1768,1283,1861
1262,1146,1772,1289,1864
1263,1146,1773,1294,1892
1264,1146,1775,1297,1895
1265,1148,1774,1301,1897
1266,1152,1775,1304,1899
1267,1153,1774,1308,1899
1268,1154,1774,1311,1899
1269,1153,1773,1314,1899
1270,1153,1773,1316,1899
1271,1153,1772,1319,1899
1272,1155,1779,1322,1900
1273,1161,1784,1322,1900
1274,1171,1787,1322,1900
1275,1183,1793,1322,1900
1276,1189,1807,1322,1900
1277,1197,1811,1322,1921
1278,1202,1813,1322,1926
1279,1208,1813,1322,1929
1280,1212,1813,1322,1930
1281,1215,1812,1322,1931
1282,1215,1811,1322,1931
1283,1215,1811,1322,1931
1284,1215,1811,1322,1928
1285,1215,1809,1322,1927
1286,1214,1805,1322,1927
1287,1212,1803,1322,1926
1288,1212,1802,1322,1922
1289,1212,1798,1322,1921
1290,1211,1794,1322,1916
1291,1211,1789,1322,1912
1292,1211,1796,1322,1911
1293,1211,1772,1322,1911
1294,1210,1763,1322,1907
1295,1207,1755,1322,1905
1296,1194,1711,1322,1905
1297,1179,1705,1322,1904
1298,1165,1699,1322,1903
1299,1153,1692,1322,1902
1300,1145,1695,1322,1900
1301,1133,1706,1322,1903
1302,1130,1720,1322,1900
1303,1125,1727,1322,1900
1304,1121,1738,1322,1891
1305,1118,1747,1322,1886
1306,1115,1757,1322,1882
1307,1111,1766,1312,1877
1308,1107,1776,1308,1873
1309,1106,1786,1304,1873
1310,1105,1788,1297,1873
1311,1105,1786,1293,1873
1312,1105,1788,1288,1873
1313,1105,1788,1285,1873
1314,1105,1788,1284,1878
1315,1105,1786,1279,1882
1316,1105,1783,1278,1887
1317,1105,1781,1276,1889
1318,1106,1776,1275,1898
1319,1106,1773,1275,1901
1320,1106,1768,1275,1907
1321,1106,1764,1278,1909
1322,1106,1763,1280,1910
1323,1106,1765,1283,1908
1324,1106,1767,1286,1906
1325,1106,1765,1293,1902
1326,1106,1765,1298,1901
1327,1106,1769,1301,1899
1328,1106,1771,1303,1897
1329,1106,1770,1304,1896
1330,1106,1770,1306,1896
1331,1106,1770,1308,1898
1332,1106,1767,1310,1900
1333,1106,1765,1312,1901
1334,1106,1764,1313,1902
1335,1108,1764,1315,1903
1336,1110,1764,1317,1903
1337,1111,1766,1318,1904
1338,1111,1766,1319,1902
1339,1111,1766,1319,1902
1340,1111,1766,1320,1902
1341,1111,1766,1321,1902
1342,1111,1766,1322,1902
1343,1111,1766,1322,1902
1344,1111,1766,1322,1902
1345,1111,1766,1321,1902
1346,1111,1764,1321,1901
1347,1111,1764,1321,1903
1348,1111,1763,1320,1903
1349,1111,1762,1319,1903
1350,1111,1761,1318,1903
1351,1111,1760,1318,1903
1352,1111,1761,1317,1903
1353,1111,1762,1317,1903
1354,1111,1762,1317,1903
1355,1111,1762,1317,1903
1356,1111,1761,1317,1903
1357,1111,1760,1317,1903
1358,1111,1759,1316,1903
1359,1111,1759,1314,1903
1360,1111,1759,1313,1903
1361,1111,1759,1311,1903
1362,1111,1757,1309,1903
1363,1111,1757,1309,1903
1364,1111,1757,1309,1903
1365,1111,1757,1309,1901
1366,1111,1757,1309,1900
1367,1111,1757,1309,1901
1368,1111,1757,1308,1901
1369,1111,1756,1308,1901
1370,1111,1754,1308,1901
1371,1111,1755,1308,1901
1372,1111,1755,1307,1901
1373,1111,1755,1307,1901
1374,1111,1755,1306,1901
1375,1111,1755,1306,1901
1376,1111,1755,1306,1901
1377,1111,1755,1306,1901
1378,1111,1755,1306,1901
1379,1111,1755,1306,1901
1380,1111,1755,1306,1901
1381,1111,1755,1306,1901
1382,1111,1755,1306,1901
1383,1111,1755,1305,1901
1384,1111,1755,1306,1901
1385,1111,1755,1306,1901
1386,1111,1755,1306,1900
1387,1111,1755,1306,1900
1388,1111,1755,1306,1899
1389,1111,1755,1306,1899
1390,1111,1755,1306,1899
1391,1111,1756,1306,1899
1392,1111,1757,1306,1899
1393,1111,1758,1306,1899
1394,1111,1758,1307,1899
1395,1111,1758,1309,1899
1396,1111,1758,1310,1899
1397,1111,1758,1311,1899
1398,1111,1758,1312,1899
1399,1111,1758,1312,1899
1400,1111,1758,1312,1899
1401,1111,1758,1312,1899
1402,1111,1758,1312,1899
1403,1111,1758,1312,1899
1404,1111,1758,1313,1899
1405,1111,1758,1313,1899
1406,1111,1758,1313,1899
1407,1111,1758,1313,1899
1408,1111,1758,1313,1899
1409,1111,1758,1313,1899
1410,1111,1758,1313,1899
1411,1111,1758,1313,1899
1412,1111,1758,1313,1899
1413,1111,1758,1313,1899
1414,1111,1758,1313,1899
1415,1111,1758,1313,1899
1416,1111,1758,1313,1899
1417,1111,1758,1313,1899
1418,1111,1758,1313,1899
1419,1111,1758,1313,1899
1420,1111,1758,1313,1899
1421,1111,1758,1313,1899
1422,1111,1758,1313,1899
1423,1111,1758,1313,1899
1424,1111,1758,1313,1899
1425,1111,1758,1313,1899
1426,1111,1758,1313,1899
1427,1111,1758,1313,1899
1428,1111,1758,1313,1899
1429,1111,1758,1313,1899
1430,1111,1758,1313,1899
1431,1111,1758,1313,1899
1432,1111,1758,1313,1899
1433,1111,1758,1313,1899
1434,1111,1758,1313,1899
1435,1111,1758,1313,1899
1436,1111,1758,1313,1899
1437,1111,1758,1313,1899
1438,1111,1758,1313,1899
1439,1111,1758,1313,1899
1440,1111,1758,1313,1899
1441,1111,1758,1312,1899
1442,1111,1758,1314,1899
1443,1111,1758,1314,1899
1444,1111,1758,1314,1899
1445,1111,1758,1314,1899
1446,1111,1758,1314,1899
1447,1111,1758,1314,1899
1448,1111,1758,1314,1899
1449,1111,1758,1314,1899
1450,1111,1758,1314,1899
1451,1111,1758,1314,1899
1452,1111,1758,1314,1899
1453,1111,1758,1314,1899
1454,1111,1758,1314,1899
1455,1111,1758,1314,1899
1456,1111,1758,1314,1899
1457,1111,1758,1314,1899
1458,1111,1758,1314,1899
1459,1111,1758,1314,1899
1460,1111,1758,1314,1899
1461,1111,1758,1314,1899
1462,1111,1758,1314,1899
1463,1111,1758,1314,1899
1464,1111,1758,1312,1899
1465,1111,1773,1311,1889
1466,1111,1778,1308,1886
1467,1111,1781,1309,1879
1468,1111,1783,1309,1877
1469,1111,1782,1309,1880
1470,1111,1784,1309,1882
1471,1111,1785,1309,1883
1472,1111,1785,1305,1884
1473,1109,1785,1300,1885
1474,1107,1785,1295,1889
1475,1095,1785,1290,1895
1476,1091,1785,1285,1898
1477,1086,1787,1281,1902
1478,1081,1788,1274,1904
1479,1079,1789,1267,1905
1480,1077,1790,1262,1905
1481,1075,1793,1255,1905
1482,1075,1797,1247,1903
1483,1075,1801,1245,1902
1484,1075,1804,1242,1902
1485,1075,1806,1239,1902
1486,1075,1809,1238,1903
1487,1075,1810,1238,1904
1488,1075,1810,1235,1905
1489,1075,1812,1234,1906
1490,1075,1814,1234,1905
1491,1075,1815,1233,1905
1492,1075,1815,1233,1905
1493,1075,1815,1233,1905
1494,1075,1813,1234,1905
1495,1075,1812,1235,1905
1496,1075,1811,1236,1905
1497,1075,1810,1237,1904
1498,1075,1810,1237,1904
1499,1075,1810,1237,1904
1500,1075,1810,1237,1904
1501,1075,1809,1238,1904
1502,1075,1809,1238,1904
1503,1075,1809,1238,1904
1504,1075,1809,1238,1904
1505,1075,1809,1239,1904
1506,1075,1809,1239,1904
1507,1075,1809,1240,1904
1508,1075,1809,1240,1905
1509,1075,1809,1240,1906
1510,1075,1809,1240,1906
1511,1075,1809,1240,1906
1512,1075,1811,1240,1906
1513,1075,1811,1240,1905
1514,1075,1813,1240,1904
1515,1075,1813,1240,1904
1516,1075,1813,1240,1904
1517,1075,1813,1241,1904
1518,1075,1813,1241,1904
1519,1075,1813,1241,1904
1520,1075,1813,1241,1904
1521,1075,1813,1241,1904
1522,1075,1813,1241,1904
1523,1075,1813,1241,1904
1524,1075,1813,1241,1904
1525,1075,1813,1241,1904
1526,1075,1813,1241,1904
1527,1075,1813,1241,1904
1528,1075,1813,1241,1904
1529,1075,1813,1240,1904
1530,1075,1813,1240,1904
1531,1075,1813,1241,1904
1532,1075,1813,1241,1904
1533,1075,1813,1241,1904
1534,1075,1813,1241,1904
1535,1075,1813,1241,1904
1536,1075,1813,1241,1904
1537,1075,1813,1241,1904
1538,1075,1813,1241,1904
1539,1075,1813,1241,1904
1540,1075,1813,1241,1904
1541,1075,1813,1241,1904
1542,1075,1813,1241,1904
1543,1075,1813,1241,1904
1544,1075,1813,1241,1905
1545,1075,1813,1241,1905
1546,1075,1813,1241,1905
1547,1075,1813,1241,1905
1548,1075,1813,1241,1905
1549,1075,1814,1241,1906
1550,1075,1814,1241,1906
1551,1075,1814,1241,1906
1552,1075,1814,1241,1906
1553,1075,1814,1241,1906
1554,1075,1814,1241,1906
1555,1075,1814,1241,1906
1556,1075,1814,1241,1906
1557,1075,1815,1241,1906
1558,1075,1815,1241,1906
1559,1075,1815,1241,1906
1560,1075,1815,1241,1906
1561,1075,1815,1241,1906
1562,1075,1815,1241,1907
1563,1075,1815,1241,1907
1564,1075,1815,1241,1907
1565,1075,1815,1241,1907
1566,1075,1815,1241,1907
1567,1075,1815,1241,1907
1568,1075,1815,1241,1907
1569,1075,1815,1241,1907
1570,1075,1815,1241,1907
1571,1075,1815,1241,1907
1572,1075,1815,1241,1907
1573,1075,1815,1241,1907
1574,1075,1814,1241,1907
1575,1075,1814,1241,1907
1576,1075,1814,1241,1907
1577,1075,1814,1241,1907
1578,1075,1814,1241,1907
1579,1075,1814,1241,1907
1580,1075,1814,1241,1907
1581,1075,1814,1241,1906
1582,1075,1814,1241,1906
1583,1075,1814,1241,1906
1584,1075,1814,1241,1906
1585,1075,1814,1241,1906
1586,1075,1814,1241,1906
1587,1075,1814,1241,1906
1588,1075,1814,1241,1906
1589,1075,1814,1241,1906
1590,1075,1814,1241,1906
1591,1075,1814,1241,1906
1592,1075,1813,1241,1906
1593,1075,1813,1241,1906
1594,1075,1813,1241,1906
1595,1075,1813,1241,1906
1596,1075,1812,1241,1906
1597,1075,1812,1241,1906
1598,1075,1812,1241,1906
1599,1075,1812,1241,1906
1600,1075,1812,1241,1906
1601,1075,1812,1241,1906
1602,1075,1812,1241,1906
1603,1075,1812,1241,1906
1604,1075,1812,1241,1906
1605,1075,1812,1241,1905
1606,1075,1812,1241,1905
1607,1075,1812,1241,1905
1608,1075,1812,1241,1905
1609,1075,1812,1241,1905
1610,1075,1812,1241,1905
1611,1075,1812,1241,1905
1612,1075,1812,1241,1905
1613,1075,1812,1241,1905
1614,1075,1812,1241,1905
1615,1075,1812,1241,1905
1616,1075,1812,1241,1905
1617,1075,1812,1241,1904
1618,1075,1812,1241,1904
1619,1075,1812,1241,1904
1620,1075,1812,1241,1904
1621,1075,1811,1241,1904
1622,1075,1811,1241,1904
1623,1075,1811,1238,1904
1624,1075,1811,1237,1904
1625,1075,1811,1234,1904
1626,1075,1811,1229,1902
1627,1075,1811,1224,1904
1628,1075,1811,1226,1905
1629,1075,1809,1226,1911
1630,1075,1809,1226,1921
1631,1066,1808,1226,1929
1632,1060,1807,1226,1931
1633,1059,1807,1223,1933
1634,1060,1806,1202,1935
1635,1056,1807,1184,1927
1636,1045,1806,1157,1915
1637,1034,1806,1130,1911
1638,999,1804,1127,1910
1639,958,1801,1126,1911
1640,936,1799,1122,1911
1641,923,1799,1110,1910
1642,921,1798,1094,1910
1643,920,1798,1076,1909
1644,883,1817,1052,1917
1645,868,1814,998,1917
1646,865,1817,974,1911
1647,808,1821,975,1932
1648,785,1822,972,1925
1649,753,1824,960,1920
1650,739,1825,941,1920
1651,724,1815,917,1920
1652,707,1810,881,1919
1653,692,1806,829,1919
1654,674,1798,775,1919
1655,630,1792,774,1919
1656,598,1787,774,1918
1657,576,1784,770,1919
1658,541,1778,757,1919
1659,527,1776,725,1919
1660,497,1774,695,1918
1661,474,1763,647,1913
1662,457,1761,608,1907
1663,431,1756,566,1904
1664,402,1742,563,1900
1665,371,1735,555,1894
1666,343,1714,534,1871
1667,328,1699,510,1859
1668,315,1692,466,1837
1669,248,1687,420,1820
1670,228,1684,386,1819
1671,221,1673,370,1818
1672,206,1643,369,1818
1673,180,1645,363,1819
1674,168,1632,355,1815
1675,159,1618,310,1789
1676,146,1606,272,1774
1677,127,1589,243,1752
1678,108,1537,209,1719
1679,92,1520,193,1706
1680,75,1515,182,1698
1681,61,1503,158,1680
1682,51,1503,135,1661
1683,38,1501,124,1636
1684,26,1388,116,1620
1685,16,1371,109,1619
1686,8,1356,106,1619
1687,0,1354,104,1619
1688,0,1350,100,1614
1689,0,1350,85,1599
1690,0,1350,74,1573
1691,0,1349,66,1552
1692,0,1333,51,1498
1693,0,1325,39,1489
1694,0,1311,23,1489
1695,0,0,0,0
1696,0,0,0,0
1697,0,0,0,0
1698,0,0,0,0
1699,0,0,0,0
1700,0,0,0,0
1701,0,0,0,0
1702,0,0,0,0
1703,0,0,0,0
1704,0,0,0,0
1705,0,0,0,0
1706,0,0,0,0
1707,0,0,0,0
1708,0,0,0,0
1709,0,0,0,0
1710,0,0,0,0
1711,0,0,0,0
1712,0,0,0,0
1713,0,0,0,0
1714,0,0,0,0
1715,0,0,0,0
1716,0,0,0,0
1717,0,0,0,0
1718,0,0,0,0
1719,0,0,0,0
1720,0,0,0,0
1721,0,1318,19,1512
1722,0,1339,34,1509
1723,0,1378,50,1534
1724,0,1412,58,1573
1725,0,1414,60,1593
1726,0,1423,60,1605
1727,0,1488,61,1610
1728,0,1491,61,1611
1729,0,1494,63,1612
1730,0,1508,63,1627
1731,0,1529,64,1672
1732,0,1550,86,1703
1733,0,1570,116,1734
1734,5,1576,133,1749
1735,13,1586,145,1765
1736,23,1595,146,1766
1737,34,1611,147,1766
1738,49,1633,169,1766
1739,62,1642,179,1766
1740,77,1648,204,1767
1741,92,1656,230,1778
1742,105,1664,254,1795
1743,120,1676,275,1807
1744,134,1682,290,1819
1745,150,1693,291,1820
1746,167,1701,292,1832
1747,183,1716,293,1842
1748,197,1726,312,1862
1749,212,1737,368,1890
1750,226,1745,395,1893
1751,239,1755,410,1894
1752,249,1765,410,1894
1753,264,1772,410,1894
1754,272,1777,411,1894
1755,283,1779,411,1894
1756,289,1780,412,1895
1757,293,1780,423,1896
1758,297,1779,443,1897
1759,300,1779,459,1902
1760,304,1777,463,1905
1761,308,1777,465,1905
1762,313,1779,465,1905
1763,315,1781,465,1905
1764,317,1782,465,1905
1765,320,1782,465,1905
1766,323,1782,465,1905
1767,328,1780,465,1905
1768,334,1778,471,1905
1769,339,1774,482,1905
1770,345,1766,482,1905
1771,349,1764,482,1905
1772,355,1760,482,1905
1773,358,1752,482,1905
1774,369,1746,482,1905
1775,376,1736,481,1905
1776,381,1731,486,1905
1777,388,1726,488,1894
1778,390,1722,493,1883
1779,392,1714,494,1867
1780,394,1712,499,1853
1781,399,1704,507,1840
1782,404,1702,509,1822
1783,409,1695,514,1813
1784,411,1693,520,1808
1785,422,1690,536,1805
1786,426,1676,548,1799
1787,426,1674,564,1796
1788,427,1662,580,1796
1789,427,1658,580,1796
1790,427,1654,580,1794
1791,430,1647,581,1790
1792,436,1641,581,1784
1793,441,1638,582,1779
1794,456,1630,581,1772
1795,483,1623,604,1764
1796,488,1617,609,1758
1797,507,1613,618,1751
1798,515,1606,624,1751
1799,520,1605,637,1751
1800,528,1589,638,1751
1801,530,1587,651,1750
1802,533,1571,655,1750
1803,536,1570,664,1750
1804,540,1557,666,1750
1805,540,1557,674,1748
1806,544,1553,678,1744
1807,545,1555,683,1736
1808,547,1558,683,1731
1809,572,1550,687,1717
1810,586,1547,691,1711
1811,592,1549,694,1703
