1,637,982,752,1142
2,637,982,752,1142
3,637,982,752,1142
4,637,982,752,1142
5,637,982,752,1142
6,637,982,752,1142
7,637,982,752,1141
8,637,982,752,1140
9,637,982,752,1140
10,637,982,752,1140
11,637,982,752,1140
12,637,982,752,1140
13,637,982,752,1140
14,637,982,752,1140
15,637,982,752,1140
16,637,982,752,1140
17,637,982,752,1140
18,637,982,752,1140
19,637,982,752,1140
20,637,982,752,1140
21,637,982,752,1140
22,637,982,752,1140
23,637,982,752,1140
24,637,982,752,1139
25,637,982,752,1139
26,637,982,752,1139
27,637,981,752,1139
28,637,981,752,1139
29,637,981,752,1139
30,637,981,752,1139
31,637,981,752,1139
32,637,981,752,1139
33,637,981,752,1139
34,637,981,752,1139
35,637,981,752,1139
36,637,981,752,1139
37,637,981,752,1139
38,637,981,752,1139
39,637,981,752,1139
40,637,981,752,1139
41,637,981,752,1139
42,637,981,752,1139
43,637,981,752,1139
44,637,981,752,1139
45,637,981,752,1139
46,637,981,752,1139
47,637,981,752,1139
48,637,982,752,1139
49,637,983,752,1139
50,637,984,752,1139
51,637,985,752,1139
52,633,989,752,1139
53,627,992,752,1139
54,623,994,752,1140
55,617,994,751,1141
56,614,994,741,1143
57,608,994,741,1150
58,604,996,732,1153
59,600,996,727,1155
60,597,996,723,1158
61,593,996,719,1162
62,590,996,713,1164
63,586,996,706,1169
64,583,996,703,1172
65,581,1003,697,1176
66,578,1010,693,1178
67,574,1017,686,1182
68,565,1025,680,1184
69,562,1037,674,1188
70,543,1046,668,1190
71,523,1049,666,1192
72,511,1051,661,1196
73,508,1054,658,1196
74,507,1055,656,1197
75,505,1057,653,1199
76,505,1057,653,1199
77,505,1057,653,1200
78,504,1059,649,1202
79,506,1060,642,1203
80,506,1060,642,1203
81,506,1060,642,1204
82,506,1061,642,1205
83,506,1061,642,1206
84,506,1061,642,1206
85,506,1061,642,1206
86,506,1061,642,1207
87,506,1061,642,1207
88,506,1061,642,1207
89,506,1061,642,1208
90,506,1061,642,1208
91,506,1061,642,1208
92,506,1061,642,1209
93,506,1061,642,1209
94,506,1062,643,1210
95,503,1064,644,1210
96,503,1065,648,1207
97,501,1066,665,1207
98,501,1066,677,1207
99,501,1066,685,1205
100,501,1064,687,1203
101,501,1062,687,1201
102,501,1061,688,1199
103,505,1056,689,1197
104,513,1052,691,1192
105,528,1031,693,1190
106,541,1010,696,1187
107,549,995,696,1183
108,553,985,696,1180
109,561,981,697,1176
110,569,978,701,1171
111,569,974,709,1166
112,560,968,714,1160
113,555,953,718,1154
114,556,940,721,1146
115,558,929,723,1140
116,558,926,723,1133
117,557,926,723,1126
118,557,926,722,1120
119,557,924,722,1116
120,557,924,722,1113
121,557,924,722,1113
122,557,926,722,1115
123,557,930,722,1117
124,555,937,723,1117
125,544,946,726,1117
126,534,959,738,1117
127,528,965,744,1117
128,526,968,745,1116
129,525,970,744,1113
130,523,971,744,1110
131,523,971,744,1105
132,523,971,744,1100
133,523,971,744,1098
134,523,971,744,1094
135,523,970,744,1091
136,523,970,744,1090
137,523,970,744,1090
138,523,970,744,1090
139,523,970,744,1100
140,523,970,742,1125
141,523,970,739,1146
142,523,970,734,1160
143,523,972,720,1171
144,526,976,702,1185
145,534,979,689,1193
146,547,978,688,1183
147,557,978,688,1176
148,565,980,689,1176
149,564,982,689,1180
150,564,982,689,1181
151,564,982,689,1182
152,564,981,689,1179
153,564,979,689,1179
154,564,979,689,1179
155,564,979,689,1179
156,562,978,689,1177
157,559,978,689,1177
158,555,981,689,1177
159,546,986,688,1177
160,538,989,688,1177
161,530,995,688,1177
162,524,1001,688,1177
163,517,1001,688,1177
164,513,1002,679,1180
165,513,1002,669,1183
166,513,1002,662,1184
167,513,1002,653,1185
168,513,1002,649,1185
169,516,1002,649,1187
170,518,1002,649,1192
171,518,1002,649,1195
172,521,1002,649,1200
173,510,1002,649,1202
174,510,1004,649,1207
175,504,1008,649,1214
176,500,1012,650,1224
177,496,1024,650,1234
178,489,1037,648,1244
179,481,1052,648,1252
180,480,1071,646,1266
181,479,1088,645,1278
182,474,1105,643,1284
183,467,1114,640,1289
184,467,1114,637,1296
185,465,1114,634,1306
186,461,1114,632,1314
187,456,1114,628,1321
188,451,1116,624,1324
189,444,1118,621,1328
190,442,1121,621,1334
191,437,1128,621,1340
192,430,1136,619,1345
193,428,1148,618,1359
194,425,1161,616,1358
195,421,1175,616,1358
196,421,1189,615,1371
197,421,1207,612,1371
198,421,1211,609,1368
199,421,1212,609,1372
200,421,1212,606,1378
201,421,1212,603,1379
202,423,1212,598,1385
203,423,1212,592,1391
204,423,1214,590,1402
205,420,1217,587,1405
206,417,1220,589,1413
207,410,1227,587,1421
208,410,1238,589,1429
209,407,1251,589,1436
210,407,1262,592,1437
211,407,1274,592,1444
212,404,1290,592,1442
213,404,1302,592,1443
214,400,1309,592,1446
215,395,1312,592,1446
216,392,1313,592,1446
217,384,1313,592,1445
218,384,1313,587,1470
219,383,1313,585,1471
220,382,1313,583,1474
221,380,1315,580,1474
222,379,1316,576,1474
223,379,1319,570,1475
224,379,1324,564,1476
225,379,1328,561,1476
226,379,1332,554,1476
227,379,1336,551,1477
228,379,1339,552,1477
229,379,1343,552,1477
230,451,1346,550,1477
231,451,1350,550,1477
232,451,1356,541,1477
233,447,1364,537,1477
234,447,1368,535,1477
235,447,1370,535,1477
236,447,1371,535,1477
237,447,1371,535,1477
238,447,1371,535,1477
239,447,1371,535,1477
240,447,1371,535,1477
241,447,1371,535,1477
242,447,1371,535,1477
243,447,1371,535,1477
244,450,1371,535,1476
245,452,1371,535,1476
246,452,1371,535,1476
247,453,1371,535,1476
248,453,1371,535,1476
249,453,1371,535,1476
250,454,1371,535,1476
251,410,1371,535,1476
252,408,1371,535,1476
253,405,1371,535,1476
254,398,1371,535,1476
255,396,1371,535,1476
256,396,1371,535,1476
257,396,1371,535,1476
258,467,1371,535,1475
259,467,1371,535,1475
260,467,1371,535,1475
261,467,1371,535,1475
262,467,1371,535,1475
263,467,1369,537,1475
264,467,1365,538,1465
265,467,1361,538,1464
266,467,1357,538,1459
267,467,1352,538,1454
268,467,1344,536,1453
269,465,1341,536,1452
270,464,1338,536,1452
271,463,1335,536,1452
272,459,1335,536,1452
273,458,1336,536,1452
274,458,1336,534,1452
275,458,1339,534,1452
276,443,1340,534,1452
277,435,1341,533,1452
278,435,1341,533,1452
279,426,1341,533,1446
280,421,1341,533,1443
281,419,1342,533,1443
282,416,1342,533,1443
283,416,1342,531,1443
284,415,1343,527,1443
285,418,1343,522,1443
286,418,1343,516,1443
287,420,1343,509,1443
288,417,1343,507,1443
289,415,1343,507,1443
290,412,1338,507,1443
291,409,1323,507,1443
292,406,1308,507,1443
293,402,1295,507,1443
294,400,1285,507,1443
295,397,1278,506,1434
296,390,1273,506,1434
297,377,1270,506,1420
298,372,1269,501,1417
299,367,1268,496,1413
300,362,1268,491,1409
301,357,1268,480,1403
302,353,1268,469,1398
303,352,1268,469,1395
304,352,1268,469,1390
305,352,1268,466,1384
306,352,1234,465,1376
307,352,1213,468,1368
308,351,1194,472,1357
309,350,1184,476,1352
310,352,1179,483,1346
311,354,1175,493,1335
312,356,1173,495,1330
313,358,1172,500,1326
314,360,1173,508,1324
315,363,1172,510,1321
316,367,1173,512,1319
317,369,1173,513,1321
318,372,1173,515,1324
319,377,1173,512,1331
320,380,1167,511,1334
321,384,1146,509,1338
322,389,1127,507,1345
323,393,1116,504,1345
324,398,1111,499,1348
325,401,1111,501,1349
326,406,1111,504,1349
327,409,1110,506,1347
328,412,1110,507,1346
329,417,1110,507,1345
330,420,1110,507,1344
331,425,1110,507,1341
332,429,1110,507,1338
333,432,1109,512,1332
334,435,1108,518,1330
335,437,1108,524,1329
336,440,1109,530,1321
337,443,1109,547,1316
338,448,1109,565,1313
339,454,1109,580,1310
340,460,1108,592,1309
341,462,1109,602,1308
342,460,1109,604,1306
343,460,1107,605,1306
344,462,1105,607,1303
345,462,1103,609,1299
346,469,1102,608,1297
347,474,1099,609,1296
348,482,1096,609,1295
349,501,1092,608,1291
350,515,1089,621,1286
351,537,1085,634,1279
352,541,1080,650,1269
353,546,1077,663,1256
354,549,1065,676,1241
355,553,1060,685,1232
356,559,1056,693,1226
357,562,1055,697,1220
358,566,1054,699,1214
359,569,1054,700,1206
360,571,1055,699,1196
361,575,1055,701,1188
362,578,1055,697,1179
363,581,1055,692,1178
364,583,1055,695,1178
365,587,1056,700,1176
366,590,1056,704,1173
367,593,1056,712,1170
368,590,1056,714,1172
369,588,1056,714,1174
370,583,1054,715,1176
371,582,1059,714,1179
372,584,1059,715,1182
373,586,1061,714,1184
374,586,1061,714,1187
375,589,1061,714,1190
376,592,1061,715,1194
377,597,1061,715,1199
378,604,1061,715,1202
379,610,1061,715,1207
380,611,1061,715,1213
381,610,1061,714,1217
382,607,1061,713,1221
383,602,1061,712,1225
384,591,1061,712,1228
385,589,1063,711,1232
386,589,1065,711,1233
387,589,1069,708,1237
388,589,1074,705,1239
389,598,1081,705,1244
390,600,1087,705,1246
391,600,1089,703,1249
392,606,1094,701,1251
393,604,1096,698,1251
394,603,1098,696,1251
395,600,1102,695,1250
396,590,1109,693,1245
397,587,1109,692,1240
398,585,1109,692,1238
399,583,1108,692,1237
400,577,1108,692,1236
401,570,1105,692,1234
402,563,1106,688,1234
403,561,1107,685,1232
404,556,1107,680,1229
405,554,1107,678,1227
406,552,1106,676,1227
407,550,1106,672,1227
408,549,1105,665,1226
409,547,1105,660,1225
410,546,1104,660,1224
411,545,1103,658,1221
412,545,1100,657,1219
413,544,1090,654,1216
414,545,1082,653,1214
415,545,1075,651,1212
416,547,1067,651,1210
417,548,1060,649,1206
418,550,1055,650,1204
419,550,1053,651,1201
420,551,1050,651,1197
421,551,1049,651,1195
422,554,1048,653,1191
423,556,1047,654,1189
424,558,1046,656,1185
425,558,1045,657,1184
426,560,1045,657,1181
427,561,1045,662,1179
428,563,1043,664,1175
429,564,1043,665,1174
430,566,1044,667,1172
431,566,1043,668,1170
432,566,1043,668,1169
433,566,1043,669,1168
434,566,1043,669,1166
435,566,1043,670,1164
436,566,1044,671,1162
437,565,1043,671,1159
438,563,1043,671,1158
439,562,1036,671,1155
440,560,1029,670,1153
441,563,1024,668,1151
442,563,1024,667,1149
443,563,1022,666,1148
444,560,1022,664,1148
445,560,1022,664,1148
446,560,1022,662,1148
447,560,1022,660,1144
448,560,1022,657,1141
449,558,1022,656,1141
450,555,1022,654,1141
451,554,1022,653,1141
452,553,1022,651,1141
453,552,1020,650,1139
454,551,1019,649,1138
455,550,1019,648,1138
456,547,1020,647,1137
457,546,1021,647,1137
458,545,1021,647,1137
459,545,1021,647,1137
460,545,1021,647,1137
461,545,1021,647,1137
462,545,1021,647,1137
463,545,1021,647,1137
464,545,1021,647,1137
465,545,1021,647,1137
466,545,1021,647,1137
467,545,1021,647,1137
468,545,1021,647,1137
469,545,1021,647,1137
470,545,1021,647,1137
471,545,1021,647,1137
472,545,1021,647,1137
473,545,1021,647,1137
474,545,1021,647,1137
475,545,1021,647,1137
476,545,1021,647,1138
477,545,1021,647,1139
478,546,1021,647,1139
479,548,1021,647,1139
480,550,1021,647,1139
481,550,1021,649,1139
482,550,1021,650,1140
483,551,1021,650,1141
484,552,1021,650,1141
485,552,1021,651,1142
486,553,1021,651,1142
487,553,1021,653,1142
488,553,1021,653,1142
489,553,1021,654,1142
490,553,1021,655,1143
491,553,1021,655,1143
492,553,1021,656,1144
493,553,1021,656,1144
494,553,1021,657,1145
495,553,1021,657,1145
496,555,1021,657,1145
497,557,1021,657,1145
498,560,1021,658,1145
499,562,1021,658,1145
500,562,1021,659,1145
501,562,1021,660,1145
502,562,1021,661,1146
503,564,1021,661,1145
504,566,1021,661,1145
505,566,1021,661,1145
506,566,1021,664,1145
507,568,1021,665,1145
508,570,1021,666,1145
509,570,1022,666,1145
510,570,1023,666,1146
511,570,1025,668,1147
512,570,1025,669,1147
513,570,1025,669,1148
514,570,1025,670,1148
515,570,1027,670,1148
516,570,1027,671,1148
517,570,1027,671,1148
518,570,1027,672,1148
519,570,1027,672,1148
520,570,1027,672,1148
521,570,1027,672,1148
522,570,1027,672,1148
523,570,1027,672,1148
524,570,1027,673,1148
525,570,1027,673,1148
526,570,1027,673,1148
527,570,1027,673,1149
528,570,1027,673,1149
529,570,1027,673,1149
530,570,1027,673,1149
531,570,1027,674,1149
532,570,1027,674,1149
533,570,1027,675,1149
534,570,1027,676,1149
535,570,1027,676,1149
536,570,1027,676,1149
537,570,1027,677,1149
538,570,1027,677,1149
539,570,1027,677,1149
540,570,1027,677,1148
541,570,1027,677,1147
542,570,1027,677,1147
543,570,1027,677,1147
544,570,1027,677,1147
545,570,1027,677,1147
546,570,1027,677,1146
547,570,1027,678,1146
548,570,1027,678,1146
549,570,1027,678,1148
550,570,1027,677,1150
551,570,1027,677,1150
552,570,1027,677,1150
553,570,1027,677,1150
554,575,1017,677,1150
555,576,1014,676,1149
556,576,1008,676,1146
557,577,1003,675,1145
558,575,999,674,1144
559,574,995,675,1143
560,574,992,675,1139
561,572,990,675,1134
562,571,985,675,1133
563,570,985,677,1131
564,569,984,679,1130
565,569,982,681,1126
566,568,981,685,1120
567,568,981,687,1113
568,568,981,689,1109
569,568,981,690,1105
570,568,980,691,1103
571,570,980,691,1101
572,570,980,692,1098
573,570,980,692,1094
574,571,980,691,1092
575,572,980,691,1092
576,575,980,691,1093
577,577,980,691,1091
578,578,980,691,1090
579,580,980,691,1088
580,581,980,691,1085
581,581,980,692,1085
582,587,980,693,1086
583,589,980,695,1087
584,592,980,699,1086
585,595,980,703,1085
586,598,980,707,1086
587,600,980,711,1089
588,603,980,714,1092
589,607,981,716,1094
590,609,981,717,1098
591,611,981,718,1101
592,612,981,719,1108
593,612,981,722,1113
594,612,981,725,1117
595,612,986,727,1121
596,612,986,728,1124
597,611,998,735,1129
598,608,1004,735,1132
599,606,1007,730,1136
600,602,1013,728,1137
601,601,1013,727,1139
602,601,1011,725,1141
603,602,1010,724,1142
604,602,1008,719,1144
605,602,1007,719,1145
606,602,1006,715,1148
607,602,1006,715,1149
608,602,1005,713,1151
609,602,1005,713,1152
610,602,1005,713,1152
611,602,1005,713,1153
612,602,1005,712,1154
613,602,1005,712,1154
614,602,1004,712,1154
615,602,1004,712,1155
616,602,1004,713,1156
617,602,1004,713,1156
618,602,1004,713,1157
619,602,1004,713,1157
620,602,1004,713,1157
621,602,1004,713,1157
622,602,1004,713,1158
623,602,1004,713,1158
624,602,1004,713,1158
625,602,1004,713,1158
626,602,1004,713,1158
627,602,1004,713,1158
628,602,1004,713,1158
629,602,1004,713,1158
630,602,1004,713,1159
631,602,1004,713,1159
632,602,1004,713,1159
633,602,1004,713,1160
634,602,1004,713,1160
635,602,1004,713,1161
636,602,1004,713,1161
637,602,1004,713,1161
638,602,1004,713,1162
639,602,1004,713,1162
640,602,1004,713,1162
641,602,1004,713,1162
642,602,1004,713,1163
643,602,1004,713,1163
644,602,1004,713,1163
645,602,1004,713,1164
646,602,1004,713,1164
647,602,1004,713,1164
648,602,1004,713,1164
649,602,1004,713,1165
650,602,1004,713,1165
651,602,1004,713,1165
652,602,1004,713,1165
653,602,1005,713,1165
654,602,1006,713,1165
655,602,1007,713,1165
656,602,1007,713,1165
657,602,1007,713,1165
658,602,1007,713,1165
659,602,1007,713,1165
660,602,1007,713,1165
661,602,1007,713,1165
662,602,1007,713,1166
663,602,1007,713,1166
664,602,1007,713,1166
665,602,1007,713,1166
666,602,1007,713,1166
667,602,1007,713,1166
668,602,1007,713,1166
669,602,1007,713,1166
670,602,1007,713,1166
671,602,1007,713,1166
672,602,1007,713,1166
673,602,1007,713,1166
674,602,1007,713,1166
675,602,1007,713,1166
676,602,1007,713,1166
677,602,1007,713,1166
678,602,1007,713,1166
679,602,1007,713,1166
680,602,1007,713,1166
681,602,1007,713,1166
682,602,1007,713,1166
683,602,1007,713,1166
684,602,1007,713,1166
685,602,1007,713,1166
686,602,1007,713,1166
687,602,1007,713,1166
688,602,1007,713,1166
689,602,1007,713,1166
690,602,1007,713,1166
691,602,1007,713,1166
692,602,1007,713,1166
693,602,1007,713,1166
694,602,1007,713,1166
695,602,1007,713,1165
696,602,1007,713,1165
697,602,1007,713,1165
698,602,1007,713,1166
699,602,1007,713,1166
700,602,1007,713,1166
701,602,1007,713,1166
702,602,1007,713,1166
703,602,1007,713,1166
704,602,1007,713,1166
705,602,1007,713,1166
706,602,1007,713,1166
707,602,1007,713,1166
708,602,1008,713,1166
709,602,1008,713,1166
710,602,1008,713,1166
711,602,1008,713,1166
712,602,1008,713,1166
713,602,1008,713,1166
714,602,1008,713,1166
715,602,1008,713,1166
716,602,1008,713,1166
717,602,1008,713,1166
718,602,1008,713,1166
719,602,1008,713,1166
720,602,1008,713,1166
721,602,1008,713,1166
722,602,1008,713,1166
723,602,1008,713,1166
724,602,1008,713,1166
725,602,1008,713,1166
726,602,1008,713,1166
727,602,1008,713,1167
728,602,1008,713,1167
729,602,1008,713,1167
730,602,1008,713,1167
731,602,1008,713,1167
732,602,1008,713,1167
733,602,1008,713,1168
734,602,1008,713,1168
735,602,1009,713,1168
736,602,1009,713,1168
737,602,1009,713,1168
738,602,1009,713,1168
739,602,1009,713,1169
740,602,1009,713,1169
741,602,1009,713,1169
742,602,1009,713,1169
743,602,1009,713,1169
744,602,1009,713,1168
745,602,1009,713,1168
746,602,1009,713,1168
747,602,1009,713,1168
748,602,1009,713,1168
749,602,1009,713,1168
750,602,1009,713,1168
751,602,1009,713,1168
752,602,1009,713,1168
753,602,1009,713,1168
754,602,1009,713,1168
755,602,1009,713,1168
756,602,1009,713,1168
757,602,1010,713,1168
758,602,1010,713,1168
759,602,1010,713,1168
760,602,1010,713,1168
761,602,1010,713,1168
762,602,1010,713,1168
763,602,1010,713,1168
764,602,1010,713,1168
765,603,1010,713,1168
766,603,1010,713,1168
767,603,1010,713,1168
768,603,1010,713,1168
769,603,1010,713,1168
770,603,1010,713,1168
771,603,1010,713,1168
772,603,1010,713,1168
773,603,1010,713,1169
774,603,1010,713,1169
775,603,1010,713,1169
776,603,1010,713,1169
777,603,1010,713,1169
778,603,1010,713,1170
779,603,1010,713,1170
780,603,1010,713,1170
781,603,1010,713,1171
782,603,1010,713,1171
783,603,1010,713,1171
784,603,1010,713,1171
785,603,1011,713,1171
786,603,1011,713,1171
787,603,1011,713,1171
788,603,1012,713,1171
789,603,1012,713,1171
790,603,1012,713,1171
791,603,1012,713,1171
792,603,1012,713,1171
793,603,1012,713,1171
794,603,1012,713,1171
795,603,1012,713,1171
796,603,1012,713,1171
797,603,1012,713,1172
798,603,1012,713,1172
799,603,1012,713,1172
800,603,1012,713,1172
801,603,1012,713,1172
802,603,1012,713,1172
803,603,1012,713,1172
804,603,1012,713,1172
805,603,1013,713,1172
806,603,1013,713,1172
807,603,1013,713,1172
808,603,1013,713,1174
809,603,1013,713,1174
810,603,1013,713,1174
811,603,1013,713,1174
812,603,1014,713,1174
813,603,1015,713,1174
814,603,1015,713,1174
815,603,1015,713,1174
816,603,1015,713,1174
817,603,1015,713,1176
818,603,1015,713,1176
819,603,1015,713,1176
820,603,1015,713,1176
821,603,1015,713,1176
822,603,1015,713,1176
823,603,1015,713,1177
824,603,1015,713,1177
825,603,1015,713,1177
826,603,1015,713,1177
827,603,1015,713,1177
828,603,1015,713,1177
829,603,1015,713,1177
830,603,1015,713,1177
831,603,1015,713,1177
832,603,1015,713,1177
833,603,1015,713,1177
834,603,1015,713,1177
835,603,1015,713,1177
836,603,1015,713,1177
837,603,1015,713,1177
838,603,1015,713,1177
839,603,1015,713,1177
840,603,1015,713,1177
841,603,1015,713,1177
842,603,1015,713,1177
843,603,1015,713,1177
844,603,1015,713,1177
845,603,1015,713,1177
846,603,1015,713,1177
847,603,1015,713,1177
848,603,1015,713,1177
849,603,1015,713,1177
850,603,1015,713,1177
851,603,1015,713,1177
852,603,1015,713,1177
853,603,1015,713,1177
854,603,1015,713,1177
855,603,1015,713,1177
856,603,1015,713,1177
857,603,1015,713,1177
858,603,1015,713,1177
859,602,1015,713,1177
860,602,1015,713,1177
861,601,1015,713,1176
862,601,1015,713,1176
863,601,1015,713,1176
864,601,1015,713,1176
865,600,1015,713,1176
866,600,1017,713,1176
867,600,1017,713,1176
868,600,1017,713,1176
869,599,1017,713,1175
870,597,1017,713,1174
871,595,1020,713,1175
872,593,1020,713,1175
873,592,1022,712,1174
874,589,1022,702,1174
875,588,1022,694,1175
876,587,1022,690,1175
877,587,1022,690,1175
878,587,1022,692,1174
879,585,1022,693,1173
880,584,1022,693,1173
881,575,1023,693,1174
882,558,1023,695,1173
883,547,1023,695,1172
884,544,1023,695,1171
885,542,1023,693,1171
886,541,1023,692,1171
887,541,1023,692,1171
888,541,1023,692,1171
889,541,1024,692,1171
890,541,1025,692,1171
891,541,1025,692,1171
892,541,1025,692,1171
893,541,1025,691,1171
894,541,1026,690,1171
895,541,1026,690,1172
896,541,1026,690,1172
897,541,1026,690,1172
898,541,1026,690,1172
899,541,1026,690,1172
900,541,1026,690,1172
901,541,1026,690,1172
902,541,1026,690,1172
903,541,1026,690,1172
904,541,1027,690,1172
905,533,1028,690,1172
906,518,1028,690,1173
907,511,1031,690,1174
908,510,1032,690,1176
909,510,1030,690,1177
910,501,1031,690,1180
911,476,1032,688,1181
912,447,1037,667,1184
913,426,1041,640,1185
914,418,1046,619,1186
915,413,1046,617,1186
916,410,1046,617,1185
917,409,1046,617,1185
918,409,1046,617,1185
919,409,1046,617,1185
920,409,1046,617,1186
921,410,1043,617,1186
922,410,1043,617,1186
923,410,1043,617,1197
924,410,1043,618,1215
925,409,1043,618,1223
926,409,1043,618,1227
927,409,1043,618,1227
928,409,1043,618,1227
929,408,1043,618,1220
930,408,1043,617,1209
931,408,1043,617,1196
932,407,1043,618,1188
933,410,1042,618,1182
934,416,1040,619,1179
935,430,1037,624,1168
936,449,1033,628,1170
937,474,1030,626,1171
938,501,1027,626,1171
939,510,1025,622,1174
940,516,1019,620,1174
941,520,1007,622,1174
942,521,995,622,1172
943,521,987,625,1172
944,520,978,624,1170
945,521,977,624,1168
946,523,977,630,1169
947,525,977,634,1169
948,529,977,639,1170
949,532,976,644,1170
950,536,977,647,1173
951,542,977,644,1174
952,544,977,645,1178
953,549,977,646,1181
954,551,977,644,1185
955,555,977,644,1194
956,556,977,646,1201
957,553,980,646,1230
958,547,981,648,1246
959,545,987,649,1266
960,543,998,648,1279
961,543,1009,649,1298
962,549,1023,653,1316
963,558,1036,655,1334
964,564,1051,657,1337
965,575,1070,659,1325
966,575,1095,661,1311
967,575,1122,663,1319
968,575,1124,697,1327
969,553,1124,713,1342
970,543,1124,718,1361
971,541,1135,714,1378
972,544,1152,712,1393
973,555,1175,707,1410
974,572,1212,707,1427
975,573,1253,716,1442
976,576,1289,720,1443
977,583,1320,729,1458
978,587,1328,732,1457
979,602,1359,712,1457
980,619,1360,707,1517
981,635,1366,704,1524
982,635,1374,704,1543
983,640,1386,706,1544
984,640,1399,705,1545
985,640,1411,718,1545
986,630,1427,714,1543
987,626,1435,723,1544
988,625,1435,725,1544
989,623,1435,730,1554
990,619,1435,733,1566
991,600,1435,736,1576
992,587,1435,740,1577
993,582,1436,742,1581
994,581,1436,743,1582
995,580,1442,743,1583
996,579,1444,743,1583
997,578,1445,741,1584
998,576,1445,730,1579
999,574,1446,709,1563
1000,556,1446,689,1559
1001,516,1446,688,1552
1002,512,1447,682,1551
1003,509,1447,680,1549
1004,508,1448,680,1549
1005,508,1449,680,1549
1006,508,1449,681,1550
1007,509,1449,681,1550
1008,509,1447,681,1550
1009,509,1445,681,1550
1010,508,1444,673,1549
1011,505,1443,661,1547
1012,499,1439,650,1541
1013,494,1435,642,1541
1014,486,1435,628,1541
1015,480,1432,626,1541
1016,479,1435,626,1541
1017,478,1434,626,1541
1018,471,1434,626,1541
1019,471,1434,626,1541
1020,471,1434,626,1541
1021,470,1434,626,1541
1022,470,1434,626,1541
1023,470,1433,626,1541
1024,474,1432,626,1541
1025,479,1432,626,1541
1026,482,1427,627,1541
1027,482,1427,627,1541
1028,482,1427,627,1541
1029,482,1426,627,1541
1030,482,1426,627,1541
1031,484,1426,627,1541
1032,484,1426,626,1541
1033,484,1426,626,1541
1034,484,1426,626,1541
1035,484,1426,626,1541
1036,484,1426,626,1541
1037,484,1426,626,1541
1038,484,1426,626,1541
1039,484,1426,626,1541
1040,483,1426,626,1541
1041,483,1426,626,1541
1042,483,1426,626,1541
1043,483,1426,626,1541
1044,483,1426,626,1541
1045,483,1426,626,1541
1046,483,1426,626,1541
1047,483,1426,626,1541
1048,483,1426,626,1541
1049,483,1426,626,1541
1050,483,1426,626,1541
1051,483,1426,626,1541
1052,483,1426,626,1541
1053,490,1426,626,1541
1054,490,1426,626,1541
1055,490,1426,626,1541
1056,490,1426,626,1541
1057,490,1426,626,1541
1058,490,1426,626,1541
1059,490,1426,626,1541
1060,490,1426,626,1541
1061,490,1426,626,1541
1062,490,1426,626,1541
1063,491,1426,626,1541
1064,491,1426,626,1541
1065,491,1426,626,1541
1066,491,1426,626,1541
1067,491,1426,626,1541
1068,491,1426,626,1541
1069,491,1426,626,1541
1070,491,1426,626,1541
1071,491,1426,626,1541
1072,491,1426,626,1541
1073,491,1426,626,1541
1074,491,1426,626,1541
1075,491,1426,626,1541
1076,491,1426,626,1541
1077,491,1426,626,1541
1078,491,1426,626,1541
1079,491,1426,626,1541
1080,492,1426,626,1541
1081,493,1426,626,1541
1082,493,1426,626,1541
1083,493,1426,626,1541
1084,493,1426,626,1541
1085,493,1426,626,1541
1086,493,1426,626,1541
1087,493,1426,626,1541
1088,493,1426,626,1541
1089,493,1426,626,1541
1090,493,1426,626,1541
1091,493,1426,626,1541
1092,493,1426,626,1541
1093,493,1426,626,1541
1094,493,1426,626,1541
1095,493,1426,626,1541
1096,494,1426,626,1541
1097,495,1426,626,1541
1098,499,1426,626,1541
1099,500,1426,626,1541
1100,500,1426,626,1541
1101,501,1426,626,1541
1102,502,1426,626,1541
1103,502,1426,626,1541
1104,502,1426,626,1541
1105,502,1426,626,1541
1106,502,1426,626,1541
1107,501,1426,626,1541
1108,499,1426,626,1541
1109,496,1426,626,1541
1110,494,1426,626,1541
1111,492,1426,626,1541
1112,490,1426,626,1541
1113,488,1426,626,1541
1114,488,1426,626,1541
1115,488,1426,626,1541
1116,489,1426,626,1541
1117,489,1426,626,1541
1118,490,1426,626,1541
1119,494,1426,626,1541
1120,496,1426,626,1541
1121,496,1427,626,1541
1122,496,1428,626,1541
1123,502,1428,626,1541
1124,502,1428,626,1541
1125,503,1427,626,1541
1126,508,1427,626,1541
1127,508,1427,626,1541
1128,508,1426,626,1541
1129,508,1426,626,1541
1130,508,1426,626,1541
1131,508,1426,626,1541
1132,506,1426,626,1543
1133,505,1426,626,1544
1134,507,1426,626,1544
1135,512,1425,626,1544
1136,525,1425,626,1541
1137,528,1425,627,1540
1138,537,1425,627,1537
1139,540,1425,630,1535
1140,559,1424,631,1533
1141,566,1424,631,1530
1142,569,1424,638,1523
1143,573,1420,660,1516
1144,576,1403,671,1511
1145,576,1390,676,1511
1146,576,1381,680,1511
1147,577,1378,683,1510
1148,579,1376,683,1509
1149,579,1375,683,1509
1150,583,1373,683,1508
1151,585,1373,683,1507
1152,592,1373,683,1505
1153,598,1372,684,1500
1154,603,1371,684,1490
1155,604,1371,684,1481
1156,603,1371,684,1475
1157,601,1353,684,1470
1158,601,1333,700,1469
1159,601,1312,701,1467
1160,601,1292,702,1467
1161,601,1280,704,1467
1162,601,1271,704,1467
1163,601,1271,709,1467
1164,601,1270,711,1466
1165,602,1270,714,1460
1166,603,1268,715,1452
1167,605,1268,717,1429
1168,606,1268,716,1423
1169,610,1267,717,1418
1170,610,1267,718,1410
1171,612,1266,716,1404
1172,612,1264,714,1396
1173,612,1243,713,1389
1174,611,1214,712,1383
1175,609,1193,713,1374
1176,608,1182,712,1366
1177,606,1177,712,1357
1178,605,1175,713,1348
1179,604,1171,714,1341
1180,603,1170,715,1333
1181,601,1171,716,1326
1182,599,1172,712,1320
1183,597,1172,709,1314
1184,594,1171,702,1308
1185,587,1170,698,1304
1186,581,1168,690,1298
1187,576,1159,681,1293
1188,571,1149,675,1289
1189,565,1141,675,1285
1190,548,1134,676,1280
1191,541,1130,674,1276
1192,538,1111,675,1271
1193,536,1111,676,1266
1194,535,1111,673,1260
1195,535,1107,670,1255
1196,536,1096,664,1250
1197,535,1095,653,1247
1198,525,1089,642,1243
1199,516,1086,631,1241
1200,507,1082,617,1238
1201,500,1080,599,1235
1202,493,1077,587,1232
1203,489,1076,587,1228
1204,484,1072,587,1225
1205,484,1072,586,1225
1206,472,1061,586,1215
1207,455,1061,586,1210
1208,438,1063,586,1208
1209,416,1062,585,1208
1210,411,1065,585,1208
1211,406,1066,582,1206
1212,404,1065,578,1202
1213,404,1066,574,1194
1214,404,1064,573,1188
1215,408,1064,576,1182
1216,413,1064,577,1178
1217,417,1064,578,1177
1218,417,1065,581,1177
1219,416,1065,579,1177
1220,416,1059,581,1177
1221,423,1054,583,1175
1222,436,1052,585,1174
1223,442,1051,585,1174
1224,448,1051,585,1172
1225,450,1053,585,1171
1226,459,1056,585,1168
1227,466,1055,584,1166
1228,468,1054,585,1166
1229,469,1053,585,1164
1230,469,1053,585,1164
1231,469,1053,588,1163
1232,472,1053,590,1163
1233,479,1052,592,1164
1234,489,1051,597,1165
1235,501,1049,601,1168
1236,514,1049,607,1172
1237,523,1046,614,1179
1238,530,1045,623,1187
1239,534,1045,632,1197
1240,534,1042,640,1206
1241,534,1042,659,1215
1242,534,1042,675,1229
1243,534,1041,685,1240
1244,535,1040,688,1249
1245,536,1038,690,1252
1246,540,1037,690,1254
1247,545,1036,691,1254
1248,555,1035,691,1255
1249,565,1035,691,1256
1250,581,1034,701,1256
1251,597,1033,711,1252
1252,613,1032,730,1248
1253,631,1032,744,1243
1254,640,1029,757,1236
1255,641,1026,773,1229
1256,640,1024,787,1217
1257,640,1024,802,1195
1258,640,1024,802,1171
1259,640,1025,802,1166
1260,640,1025,802,1163
1261,644,1019,802,1161
1262,647,1017,786,1155
1263,656,1014,787,1151
1264,665,1015,786,1149
1265,676,1020,787,1148
1266,687,1018,788,1144
1267,700,1016,788,1145
1268,697,1019,802,1144
1269,694,1021,818,1144
1270,694,1021,838,1142
1271,694,1021,860,1142
1272,694,1029,877,1142
1273,694,1034,888,1140
1274,701,1033,897,1138
1275,706,1033,909,1139
1276,710,1032,910,1148
1277,714,1032,914,1148
1278,720,1032,914,1149
1279,728,1032,916,1150
1280,732,1031,917,1150
1281,735,1031,917,1149
1282,738,1034,916,1150
1283,742,1034,909,1149
1284,745,1033,896,1148
1285,747,1033,888,1147
1286,748,1033,870,1147
1287,750,1032,866,1147
1288,751,1032,868,1147
1289,751,1031,869,1145
1290,752,1031,869,1145
1291,751,1031,868,1144
1292,748,1031,866,1141
1293,745,1033,866,1141
1294,744,1033,863,1139
1295,741,1033,862,1138
1296,734,1032,858,1136
1297,730,1032,855,1136
1298,726,1032,851,1137
1299,723,1029,843,1140
1300,715,1027,840,1140
1301,713,1025,834,1142
1302,708,1022,833,1141
1303,699,1021,833,1141
1304,698,1018,832,1139
1305,696,1018,832,1139
1306,691,1018,824,1138
1307,684,1015,818,1138
1308,680,1011,807,1137
1309,676,1011,794,1137
1310,674,1011,782,1137
1311,671,1010,776,1138
1312,663,1011,772,1141
1313,658,1012,768,1142
1314,651,1012,769,1143
1315,645,1015,768,1145
1316,641,1018,768,1147
1317,633,1022,768,1148
1318,625,1025,768,1149
1319,617,1030,765,1151
1320,611,1031,763,1153
1321,607,1034,760,1157
1322,599,1036,754,1159
1323,594,1035,747,1162
1324,592,1038,738,1165
1325,585,1041,729,1167
1326,580,1045,719,1168
1327,572,1046,707,1170
1328,570,1050,689,1172
1329,567,1054,685,1173
1330,566,1058,679,1175
1331,561,1060,675,1176
1332,555,1062,672,1178
1333,547,1071,671,1179
1334,542,1071,671,1179
1335,535,1071,671,1178
1336,520,1071,671,1178
1337,510,1072,671,1178
1338,495,1072,671,1178
1339,481,1073,669,1179
1340,473,1074,666,1179
1341,459,1074,664,1182
1342,458,1074,662,1185
1343,456,1075,660,1185
1344,456,1075,660,1184
1345,456,1075,660,1185
1346,456,1076,657,1185
1347,456,1075,653,1185
1348,456,1075,650,1185
1349,443,1073,648,1185
1350,434,1071,643,1185
1351,420,1056,643,1185
1352,422,1056,634,1185
1353,419,1055,634,1185
1354,416,1052,637,1184
1355,406,1052,640,1184
1356,406,1057,642,1185
1357,406,1058,645,1185
1358,407,1058,648,1184
1359,407,1058,652,1184
1360,417,1062,660,1185
1361,423,1062,662,1186
1362,431,1061,663,1187
1363,448,1059,662,1188
1364,463,1057,662,1187
1365,466,1055,656,1187
1366,476,1055,655,1186
1367,480,1053,653,1184
1368,484,1052,653,1184
1369,487,1051,650,1182
1370,491,1050,650,1181
1371,496,1050,645,1181
1372,500,1051,642,1179
1373,503,1051,642,1176
1374,506,1051,641,1176
1375,507,1051,641,1174
1376,510,1051,641,1172
1377,514,1051,641,1170
1378,517,1050,641,1169
1379,522,1049,642,1168
1380,527,1049,642,1168
1381,532,1051,641,1166
1382,537,1051,643,1166
1383,541,1051,646,1166
1384,546,1051,649,1166
1385,550,1051,654,1166
1386,555,1051,656,1166
1387,561,1051,670,1166
1388,565,1051,682,1166
1389,572,1051,697,1167
1390,578,1051,708,1167
1391,585,1051,718,1170
1392,593,1051,725,1171
1393,594,1052,728,1173
1394,594,1052,731,1176
1395,596,1055,732,1179
1396,597,1056,732,1183
1397,603,1060,731,1190
1398,610,1063,731,1193
1399,616,1064,741,1197
1400,631,1066,748,1201
1401,644,1067,757,1204
1402,659,1071,762,1207
1403,678,1073,771,1208
1404,679,1074,778,1209
1405,679,1078,786,1208
1406,679,1083,796,1208
1407,679,1083,815,1208
1408,680,1089,831,1206
1409,681,1092,841,1203
1410,681,1093,847,1201
1411,681,1094,850,1200
1412,681,1091,854,1198
1413,682,1092,857,1198
1414,685,1095,886,1198
1415,687,1096,899,1198
1416,689,1095,909,1197
1417,693,1094,916,1196
1418,695,1096,924,1196
1419,699,1095,925,1196
1420,701,1095,926,1196
1421,703,1092,926,1195
1422,705,1088,926,1195
1423,706,1083,926,1195
1424,708,1080,926,1195
1425,709,1074,922,1195
1426,708,1070,918,1194
1427,706,1063,913,1191
1428,704,1058,908,1188
1429,702,1053,900,1185
1430,699,1050,897,1182
1431,697,1045,895,1177
1432,694,1040,883,1174
1433,691,1035,865,1170
1434,690,1034,848,1167
1435,689,1032,846,1166
1436,690,1032,840,1162
1437,688,1030,827,1158
1438,680,1030,811,1151
1439,671,1029,793,1146
1440,662,1030,780,1143
1441,653,1031,774,1139
1442,649,1021,769,1135
1443,644,1010,764,1131
1444,639,998,761,1128
1445,635,987,757,1124
1446,638,976,754,1122
1447,637,974,750,1122
1448,640,970,748,1123
1449,643,970,745,1122
1450,642,971,742,1122
1451,640,971,741,1117
1452,639,972,735,1107
1453,630,971,739,1098
1454,627,973,734,1095
1455,622,972,734,1095
1456,616,973,732,1092
1457,609,972,729,1088
1458,608,972,729,1087
1459,600,972,726,1086
1460,596,972,724,1086
1461,593,972,721,1086
1462,594,972,717,1086
1463,593,972,714,1086
1464,592,972,710,1088
1465,591,971,708,1088
1466,589,971,704,1088
1467,586,971,702,1088
1468,583,971,700,1088
1469,579,971,699,1088
1470,579,973,699,1090
1471,575,975,699,1092
1472,572,977,700,1093
1473,570,978,700,1094
1474,569,979,700,1095
1475,568,981,699,1097
1476,568,981,697,1098
1477,568,985,697,1100
1478,568,988,696,1100
1479,571,988,694,1102
1480,572,988,695,1105
1481,575,987,696,1107
1482,578,987,697,1110
1483,582,987,699,1114
1484,584,989,700,1118
1485,586,991,704,1121
1486,587,991,706,1123
1487,588,990,707,1126
1488,590,987,709,1128
1489,590,984,709,1128
1490,591,983,708,1128
1491,591,982,708,1128
1492,592,981,708,1129
1493,592,980,708,1130
1494,592,980,708,1129
1495,594,980,706,1130
1496,594,980,706,1129
1497,594,980,705,1129
1498,594,980,706,1129
1499,594,980,706,1129
1500,592,982,706,1130
1501,592,982,706,1130
1502,592,982,706,1129
1503,592,982,708,1130
1504,592,984,708,1130
1505,592,986,708,1130
1506,591,988,709,1130
1507,591,988,709,1130
1508,591,988,709,1130
1509,591,990,709,1130
1510,591,991,709,1130
1511,591,990,709,1129
1512,591,991,709,1129
1513,591,991,709,1129
1514,591,991,709,1129
1515,591,991,709,1129
1516,591,992,709,1129
1517,591,992,709,1129
1518,591,992,709,1129
1519,591,992,709,1129
1520,591,992,709,1129
1521,591,992,709,1129
1522,591,992,709,1129
1523,591,992,709,1129
1524,591,992,709,1129
1525,591,992,709,1129
1526,591,992,709,1129
1527,591,992,708,1129
1528,591,992,708,1129
1529,591,992,708,1129
1530,591,992,712,1129
1531,591,992,716,1128
1532,591,992,718,1126
1533,591,992,719,1125
1534,591,992,719,1125
1535,591,992,719,1125
1536,591,992,721,1124
1537,591,992,721,1124
1538,591,992,721,1124
1539,591,992,721,1124
1540,591,992,721,1124
1541,591,992,721,1124
1542,591,991,721,1124
1543,591,991,721,1124
1544,591,991,721,1124
1545,591,991,721,1124
1546,591,991,721,1124
1547,591,991,721,1124
1548,591,991,721,1124
1549,591,991,721,1124
1550,591,991,721,1124
1551,591,991,721,1124
1552,591,991,721,1124
1553,591,991,721,1124
1554,591,991,720,1124
1555,591,991,719,1124
1556,591,991,719,1124
1557,591,991,719,1124
1558,591,991,719,1124
1559,591,991,719,1124
1560,591,991,719,1124
1561,591,990,719,1124
1562,591,990,719,1124
1563,591,990,719,1124
1564,591,990,719,1124
1565,591,990,719,1124
1566,591,990,719,1124
1567,591,991,719,1124
1568,591,991,719,1124
1569,591,991,719,1124
1570,591,991,719,1124
1571,591,991,719,1124
1572,591,991,719,1124
1573,591,991,719,1124
1574,591,991,719,1124
1575,591,991,719,1124
1576,591,991,719,1124
1577,591,991,719,1124
1578,591,991,719,1124
1579,591,991,719,1124
1580,591,991,719,1124
1581,591,991,719,1124
1582,590,991,719,1124
1583,590,991,719,1124
1584,590,991,719,1124
1585,590,991,719,1124
1586,590,991,719,1124
1587,590,991,719,1124
1588,590,991,719,1124
1589,590,991,719,1124
1590,590,991,719,1124
1591,590,991,719,1124
1592,590,991,719,1124
1593,590,991,719,1124
1594,590,991,719,1124
1595,590,991,719,1124
1596,590,991,719,1125
1597,590,991,719,1125
1598,590,991,719,1125
1599,590,991,719,1125
1600,590,991,719,1125
1601,590,991,719,1125
1602,590,991,719,1125
1603,590,991,719,1125
1604,590,991,719,1125
1605,590,991,719,1125
1606,590,991,719,1125
1607,590,991,719,1125
1608,590,991,719,1125
1609,590,991,719,1125
1610,590,991,719,1125
1611,590,991,719,1125
1612,590,991,719,1125
1613,590,991,719,1125
1614,590,991,719,1125
1615,590,991,719,1125
1616,590,991,719,1125
1617,590,991,719,1125
1618,605,996,718,1137
1619,606,997,718,1139
1620,608,999,719,1142
1621,610,1001,719,1142
1622,611,1001,732,1142
1623,612,1001,749,1142
1624,613,1001,755,1143
1625,614,1004,756,1144
1626,614,1003,756,1146
1627,614,1005,756,1147
1628,613,1005,756,1147
1629,613,1005,756,1147
1630,614,1005,756,1147
1631,617,1005,757,1149
1632,617,1005,763,1151
1633,617,1005,763,1152
1634,617,1005,764,1158
1635,617,1006,764,1159
1636,617,1006,764,1159
1637,616,1009,764,1159
1638,615,1010,760,1159
1639,615,1010,757,1159
1640,615,1009,755,1159
1641,615,1009,755,1154
1642,615,1008,755,1154
1643,615,1008,757,1154
1644,614,1007,765,1146
1645,612,1006,781,1145
1646,611,1004,791,1141
1647,611,1000,794,1139
1648,611,1000,793,1135
1649,611,999,793,1132
1650,611,998,794,1129
1651,611,995,794,1128
1652,611,991,794,1129
1653,611,985,794,1127
1654,611,981,794,1123
1655,609,972,789,1119
1656,609,967,789,1114
1657,608,967,789,1112
1658,607,964,789,1107
1659,608,961,791,1104
1660,611,958,794,1100
1661,613,948,794,1094
1662,613,944,794,1087
1663,613,943,794,1083
1664,613,940,794,1079
1665,613,940,794,1073
1666,613,936,794,1068
1667,613,934,794,1064
1668,613,934,794,1063
1669,613,931,795,1063
1670,613,931,795,1076
1671,613,931,795,1088
1672,613,931,795,1094
1673,613,924,795,1090
1674,613,923,795,1087
1675,613,921,795,1086
1676,613,920,795,1088
1677,613,919,795,1097
1678,613,918,795,1103
1679,614,918,794,1109
1680,614,918,794,1109
1681,614,918,794,1096
1682,614,918,794,1092
1683,614,919,794,1078
1684,614,919,794,1074
1685,613,921,795,1068
1686,613,924,795,1061
1687,613,924,795,1062
1688,612,929,795,1078
1689,612,934,795,1092
1690,612,937,795,1084
1691,628,938,794,1080
1692,642,938,786,1083
1693,646,931,772,1085
1694,645,929,774,1090
1695,645,927,775,1093
1696,646,927,774,1097
1697,645,929,770,1102
1698,644,931,772,1107
1699,646,933,775,1113
1700,649,935,781,1118
1701,659,935,788,1123
1702,667,936,792,1130
1703,676,935,795,1133
1704,680,930,791,1142
1705,681,926,794,1148
1706,691,928,795,1157
1707,691,928,795,1165
1708,691,928,794,1207
1709,693,933,795,1228
1710,703,945,796,1249
1711,715,956,797,1272
1712,723,983,800,1273
1713,733,1034,804,1260
1714,733,1069,809,1278
1715,717,1101,848,1295
1716,706,1102,871,1315
1717,679,1107,885,1333
1718,674,1115,886,1353
1719,680,1129,882,1374
1720,717,1152,877,1394
1721,724,1190,868,1408
1722,729,1223,866,1433
1723,732,1272,866,1443
1724,742,1299,867,1456
1725,746,1330,869,1457
1726,758,1354,870,1458
1727,782,1355,867,1512
1728,789,1359,864,1538
1729,792,1368,868,1544
1730,792,1381,880,1555
1731,795,1395,879,1557
1732,799,1420,899,1556
1733,802,1444,905,1556
1734,806,1455,914,1559
1735,809,1471,916,1602
1736,811,1485,914,1609
1737,813,1502,921,1640
1738,821,1519,921,1648
1739,826,1534,922,1684
1740,833,1547,925,1712
1741,838,1559,924,1724
1742,841,1572,927,1735
1743,843,1580,933,1733
1744,846,1591,935,1733
1745,848,1604,941,1734
1746,848,1610,946,1736
1747,848,1622,963,1742
1748,839,1630,984,1775
1749,835,1640,997,1800
1750,826,1649,1000,1814
1751,820,1649,1000,1814
1752,820,1665,1002,1815
1753,821,1669,1005,1816
1754,821,1673,1004,1817
1755,821,1675,1003,1816
1756,822,1677,1004,1816
1757,822,1678,1004,1815
1758,822,1678,1005,1815
1759,822,1678,1006,1815
1760,822,1678,1008,1815
1761,822,1678,1010,1815
1762,821,1678,1010,1814
1763,821,1678,1011,1814
1764,821,1677,1016,1814
1765,821,1678,1019,1814
1766,821,1678,1022,1813
1767,821,1678,1024,1813
1768,821,1678,1026,1813
1769,820,1678,1026,1817
1770,820,1678,1024,1817
1771,821,1679,1018,1816
1772,821,1680,1016,1816
1773,821,1679,1010,1816
1774,823,1677,1006,1814
1775,832,1672,1006,1804
1776,837,1669,1004,1795
1777,843,1666,1001,1778
1778,845,1661,995,1765
1779,846,1661,993,1765
1780,846,1658,984,1763
1781,845,1655,978,1762
1782,845,1655,975,1762
1783,845,1654,972,1761
1784,845,1653,970,1761
1785,845,1653,971,1761
1786,845,1653,971,1761
1787,845,1653,971,1761
1788,845,1653,971,1761
1789,846,1653,971,1761
1790,844,1653,968,1761
1791,844,1653,969,1761
1792,844,1653,969,1761
1793,844,1653,969,1761
1794,845,1653,969,1761
1795,845,1651,972,1761
1796,845,1649,974,1761
1797,845,1646,976,1761
1798,845,1644,976,1761
1799,845,1635,976,1761
1800,845,1635,981,1761
1801,846,1634,981,1761
1802,847,1631,984,1760
1803,848,1622,986,1764
1804,848,1617,990,1764
1805,851,1615,991,1763
1806,855,1609,995,1757
1807,862,1609,995,1749
1808,870,1606,998,1743
1809,877,1608,999,1738
1810,885,1606,1000,1738
1811,892,1603,1002,1729
